0.8169
4.0482
5.3271
9.8918
10.1595
14.6226
14.7144
18.8883
18.9596
32.3144
32.3799

0.7450
3.6147
4.8032
9.0416
9.3221
13.8641
13.9625
17.9596
18.0150
28.9509
29.0078

0.6871
3.2468
4.3645
8.3010
8.5970
13.1435
13.2478
17.2657
17.3109
26.4887
26.5383

0.6411
2.9354
4.0001
7.6532
7.9678
12.4702
12.5798
16.7065
16.7456
24.6332
24.6765

0.6052
2.6728
3.7009
7.0848
7.4220
11.8471
11.9621
16.2248
16.2605
23.2044
23.2421

0.5780
2.4524
3.4592
6.5853
6.9498
11.2725
11.3936
15.7888
15.8229
22.0860
22.1188

0.5576
2.2688
3.2683
6.1459
6.5441
10.7430
10.8714
15.3814
15.4149
21.1991
21.2278

0.5427
2.1171
3.1222
5.7595
6.1998
10.2549
10.3921
14.9940
15.0277
20.4878
20.5129

0.5320
1.9933
3.0151
5.4204
5.9139
9.8045
9.9528
14.6228
14.6571
19.9109
19.9330

0.5243
1.8937
2.9409
5.1237
5.6852
9.3885
9.5511
14.2665
14.3019
19.4377
19.4575

0.5186
1.8154
2.8931
4.8657
5.5144
9.0042
9.1856
13.9251
13.9619
19.0450
19.0628

0.5144
1.7553
2.8643
4.6432
5.4036
8.6491
8.8562
13.5986
13.6373
18.7150
18.7312

0.5110
1.7111
2.8469
4.4540
5.3555
8.3213
8.5642
13.2874
13.3286
18.4342
18.4494

0.5083
1.6801
2.8335
4.2962
5.3708
8.0191
8.3142
12.9913
13.0359
18.1925
18.2069

0.5062
1.6601
2.8186
4.1688
5.4454
7.7416
8.1155
12.7102
12.7594
17.9821
17.9960

0.5045
1.6486
2.7992
4.0709
5.5654
7.4878
7.9860
12.4435
12.4992
17.7971
17.8107

0.5033
1.6436
2.7750
4.0019
5.7022
7.2576
7.9569
12.1909
12.2559
17.6327
17.6465

0.5026
1.6426
2.7471
3.9614
5.8145
7.0513
8.0717
11.9517
12.0311
17.4855
17.4997

0.5024
1.6440
2.7177
3.9485
5.8674
6.8699
8.3663
11.7255
11.8283
17.3527
17.3677

0.5027
1.6458
2.6889
3.9615
5.8556
6.7158
8.8429
11.5116
11.6574
17.2320
17.2485

0.5033
1.6470
2.6625
3.9974
5.7971
6.5923
9.4622
11.3097
11.5492
17.1217
17.1405

0.5043
1.6468
2.6398
4.0516
5.7128
6.5051
10.0989
11.1194
11.6206
17.0204
17.0430

0.5056
1.6447
2.6216
4.1168
5.6173
6.4619
10.4509
10.9405
12.1740
16.9269
16.9563

0.5070
1.6409
2.6085
4.1838
5.5195
6.4725
10.4783
10.7732
13.2565
16.8403
16.8835

0.5085
1.6357
2.6007
4.2426
5.4250
6.5475
10.3917
10.6179
14.6588
16.7598
16.8415

0.5101
1.6294
2.5980
4.2849
5.3374
6.6957
10.2730
10.4757
16.1246
16.6848
17.0300

0.5117
1.6225
2.6001
4.3065
5.2589
6.9210
10.1457
10.3488
16.5031
16.6148
18.6081

0.5132
1.6155
2.6065
4.3081
5.1913
7.2210
10.0177
10.2419
16.4890
16.5493
20.9114

0.5147
1.6087
2.6165
4.2936
5.1360
7.5857
9.8924
10.1645
16.4434
16.4882
23.6218

0.5160
1.6024
2.6294
4.2678
5.0944
7.9935
9.7714
10.1376
16.3924
16.4312
26.7655

0.5173
1.5970
2.6442
4.2352
5.0675
8.3972
9.6555
10.2088
16.3412
16.3782
30.4004

0.5186
1.5924
2.6599
4.1994
5.0565
8.7134
9.5450
10.4636
16.2912
16.3295
34.5989

