-6 0.00656919 0.0216063 -0.039179 -0.0392781 0.00887891 
-5.99 0.00638752 0.0209835 -0.0379761 -0.0377655 0.00812241 
-5.98 0.00620734 0.0203661 -0.0367842 -0.0362705 0.00737927 
-5.97 0.00602866 0.019754 -0.0356035 -0.0347931 0.0066495 
-5.96 0.00585148 0.0191473 -0.0344339 -0.0333333 0.00593307 
-5.95 0.0056758 0.018546 -0.0332754 -0.031891 0.00523001 
-5.94 0.00550161 0.01795 -0.032128 -0.0304663 0.00454031 
-5.93 0.00532893 0.0173594 -0.0309917 -0.0290592 0.00386397 
-5.92 0.00515774 0.0167742 -0.0298666 -0.0276697 0.00320098 
-5.91 0.00498805 0.0161943 -0.0287526 -0.0262977 0.00255136 
-5.9 0.00481985 0.0156198 -0.0276497 -0.0249434 0.00191509 
-5.89 0.00465316 0.0150507 -0.0265579 -0.0236066 0.00129218 
-5.88 0.00448796 0.0144869 -0.0254772 -0.0222874 0.000682636 
-5.87 0.00432426 0.0139285 -0.0244076 -0.0209857 8.64471e-05 
-5.86 0.00416206 0.0133755 -0.0233492 -0.0197017 -0.000496383 
-5.85 0.00400135 0.0128279 -0.0223019 -0.0184352 -0.00106585 
-5.84 0.00384215 0.0122856 -0.0212656 -0.0171863 -0.00162197 
-5.83 0.00368444 0.0117487 -0.0202406 -0.015955 -0.00216472 
-5.82 0.00352823 0.0112171 -0.0192266 -0.0147412 -0.00269411 
-5.81 0.00337352 0.0106909 -0.0182237 -0.0135451 -0.00321015 
-5.8 0.00322031 0.0101701 -0.017232 -0.0123665 -0.00371283 
-5.79 0.00306859 0.0096547 -0.0162513 -0.0112055 -0.00420214 
-5.78 0.00291837 0.00914462 -0.0152818 -0.010062 -0.0046781 
-5.77 0.00276965 0.00863992 -0.0143234 -0.00893618 -0.0051407 
-5.76 0.00262243 0.00814058 -0.0133762 -0.00782791 -0.00558994 
-5.75 0.00247671 0.00764661 -0.01244 -0.00673722 -0.00602582 
-5.74 0.00233248 0.00715801 -0.011515 -0.0056641 -0.00644834 
-5.73 0.00218976 0.00667478 -0.010601 -0.00460856 -0.00685751 
-5.72 0.00204853 0.00619692 -0.00969823 -0.0035706 -0.00725331 
-5.71 0.00190879 0.00572442 -0.00880654 -0.00255022 -0.00763575 
-5.7 0.00177056 0.0052573 -0.00792596 -0.00154742 -0.00800484 
-5.69 0.00163382 0.00479554 -0.0070565 -0.000562198 -0.00836057 
-5.68 0.00149859 0.00433915 -0.00619816 0.000405447 -0.00870294 
-5.67 0.00136485 0.00388813 -0.00535093 0.00135551 -0.00903194 
-5.66 0.0012326 0.00344248 -0.00451482 0.002288 -0.00934759 
-5.65 0.00110186 0.00300219 -0.00368983 0.00320291 -0.00964988 
-5.64 0.000972613 0.00256728 -0.00287596 0.00410024 -0.00993882 
-5.63 0.000844865 0.00213773 -0.0020732 0.00498 -0.0102144 
-5.62 0.000718615 0.00171355 -0.00128156 0.00584217 -0.0104766 
-5.61 0.000593862 0.00129474 -0.000501031 0.00668676 -0.0107255 
-5.6 0.000470608 0.000881296 0.000268378 0.00751378 -0.010961 
-5.59 0.000348852 0.000473222 0.00102667 0.00832322 -0.0111831 
-5.58 0.000228594 7.05171e-05 0.00177384 0.00911508 -0.0113919 
-5.57 0.000109833 -0.00032682 0.0025099 0.00988936 -0.0115873 
-5.56 -7.42914e-06 -0.000718788 0.00323484 0.0106461 -0.0117693 
-5.55 -0.000123194 -0.00110539 0.00394867 0.0113852 -0.011938 
-5.54 -0.00023746 -0.00148662 0.00465138 0.0121067 -0.0120934 
-5.53 -0.000350228 -0.00186248 0.00534297 0.0128107 -0.0122354 
-5.52 -0.000461499 -0.00223298 0.00602344 0.0134971 -0.012364 
-5.51 -0.000571272 -0.0025981 0.0066928 0.0141659 -0.0124793 
-5.5 -0.000679546 -0.00295786 0.00735104 0.0148171 -0.0125812 
-5.49 -0.000786323 -0.00331225 0.00799817 0.0154508 -0.0126697 
-5.48 -0.000891601 -0.00366127 0.00863418 0.0160669 -0.0127449 
-5.47 -0.000995382 -0.00400493 0.00925907 0.0166654 -0.0128067 
-5.46 -0.00109766 -0.00434321 0.00987284 0.0172463 -0.0128552 
-5.45 -0.00119845 -0.00467613 0.0104755 0.0178096 -0.0128903 
-5.44 -0.00129774 -0.00500367 0.011067 0.0183554 -0.0129121 
-5.43 -0.00139553 -0.00532585 0.0116475 0.0188836 -0.0129205 
-5.42 -0.00149182 -0.00564266 0.0122168 0.0193942 -0.0129155 
-5.41 -0.00158661 -0.00595411 0.012775 0.0198872 -0.0128972 
-5.4 -0.0016799 -0.00626018 0.013322 0.0203627 -0.0128655 
-5.39 -0.0017717 -0.00656089 0.013858 0.0208205 -0.0128204 
-5.38 -0.001862 -0.00685622 0.0143828 0.0212608 -0.012762 
-5.37 -0.0019508 -0.00714619 0.0148966 0.0216835 -0.0126903 
-5.36 -0.0020381 -0.00743079 0.0153992 0.0220887 -0.0126051 
-5.35 -0.00212391 -0.00771002 0.0158907 0.0224762 -0.0125067 
-5.34 -0.00220822 -0.00798389 0.016371 0.0228462 -0.0123948 
-5.33 -0.00229102 -0.00825238 0.0168403 0.0231986 -0.0122696 
-5.32 -0.00237234 -0.00851551 0.0172984 0.0235334 -0.0121311 
-5.31 -0.00245215 -0.00877327 0.0177454 0.0238507 -0.0119792 
-5.3 -0.00253046 -0.00902566 0.0181814 0.0241503 -0.0118139 
-5.29 -0.00260728 -0.00927268 0.0186061 0.0244324 -0.0116352 
-5.28 -0.0026826 -0.00951433 0.0190198 0.0246969 -0.0114433 
-5.27 -0.00275642 -0.00975062 0.0194224 0.0249438 -0.0112379 
-5.26 -0.00282875 -0.00998153 0.0198138 0.0251732 -0.0110192 
-5.25 -0.00289957 -0.0102071 0.0201941 0.025385 -0.0107871 
-5.24 -0.0029689 -0.0104273 0.0205633 0.0255791 -0.0105417 
-5.23 -0.00303673 -0.0106421 0.0209214 0.0257558 -0.0102829 
-5.22 -0.00310306 -0.0108515 0.0212684 0.0259148 -0.0100108 
-5.21 -0.00316789 -0.0110556 0.0216043 0.0260563 -0.00972525 
-5.2 -0.00323123 -0.0112543 0.021929 0.0261801 -0.00942639 
-5.19 -0.00329307 -0.0114476 0.0222426 0.0262864 -0.00911416 
-5.18 -0.00335341 -0.0116356 0.0225451 0.0263752 -0.00878858 
-5.17 -0.00341225 -0.0118182 0.0228365 0.0264463 -0.00844964 
-5.16 -0.00346959 -0.0119954 0.0231168 0.0264999 -0.00809734 
-5.15 -0.00352544 -0.0121673 0.0233859 0.0265359 -0.00773168 
-5.14 -0.00357978 -0.0123338 0.023644 0.0265543 -0.00735266 
-5.13 -0.00363263 -0.0124949 0.0238909 0.0265551 -0.00696028 
-5.12 -0.00368399 -0.0126507 0.0241267 0.0265383 -0.00655454 
-5.11 -0.00373384 -0.0128011 0.0243514 0.026504 -0.00613545 
-5.1 -0.0037822 -0.0129461 0.024565 0.0264521 -0.00570299 
-5.09 -0.00382905 -0.0130857 0.0247674 0.0263826 -0.00525718 
-5.08 -0.00387441 -0.01322 0.0249588 0.0262956 -0.00479801 
-5.07 -0.00391828 -0.0133489 0.025139 0.0261909 -0.00432547 
-5.06 -0.00396064 -0.0134725 0.0253081 0.0260687 -0.00383958 
-5.05 -0.00400151 -0.0135907 0.0254661 0.0259289 -0.00334033 
-5.04 -0.00404087 -0.0137035 0.0256129 0.0257715 -0.00282772 
-5.03 -0.00407874 -0.0138109 0.0257487 0.0255966 -0.00230175 
-5.02 -0.00411512 -0.013913 0.0258733 0.025404 -0.00176243 
-5.01 -0.00414999 -0.0140097 0.0259869 0.0251939 -0.00120974 
-5 -0.00418337 -0.014101 0.0260893 0.0249662 -0.000643695 
-4.99 -0.00421524 -0.014187 0.0261806 0.024721 -6.42906e-05 
-4.98 -0.00424563 -0.0142676 0.0262607 0.0244581 0.000528473 
-4.97 -0.00427451 -0.0143428 0.0263298 0.0241777 0.0011346 
-4.96 -0.00430189 -0.0144127 0.0263877 0.0238797 0.00175408 
-4.95 -0.00432778 -0.0144772 0.0264345 0.0235641 0.00238692 
-4.94 -0.00435217 -0.0145363 0.0264702 0.0232309 0.00303312 
-4.93 -0.00437506 -0.0145901 0.0264948 0.0228802 0.00369267 
-4.92 -0.00439645 -0.0146385 0.0265083 0.0225119 0.00436559 
-4.91 -0.00441634 -0.0146815 0.0265106 0.022126 0.00505187 
-4.9 -0.00443474 -0.0147191 0.0265019 0.0217225 0.0057515 
-4.89 -0.00445164 -0.0147514 0.026482 0.0213015 0.0064645 
-4.88 -0.00446704 -0.0147783 0.026451 0.0208628 0.00719085 
-4.87 -0.00448094 -0.0147999 0.0264089 0.0204066 0.00793057 
-4.86 -0.00449335 -0.0148161 0.0263557 0.0199328 0.00868364 
-4.85 -0.00450425 -0.0148269 0.0262913 0.0194415 0.00945007 
-4.84 -0.00451366 -0.0148323 0.0262159 0.0189325 0.0102299 
-4.83 -0.00452157 -0.0148324 0.0261293 0.018406 0.011023 
-4.82 -0.00452799 -0.0148271 0.0260316 0.0178619 0.0118295 
-4.81 -0.0045329 -0.0148164 0.0259228 0.0173002 0.0126494 
-4.8 -0.00453632 -0.0148004 0.0258028 0.016721 0.0134826 
-4.79 -0.00453824 -0.014779 0.0256718 0.0161241 0.0143292 
-4.78 -0.00453866 -0.0147522 0.0255296 0.0155097 0.0151891 
-4.77 -0.00453758 -0.0147201 0.0253763 0.0148777 0.0160624 
-4.76 -0.00453501 -0.0146826 0.0252119 0.0142281 0.0169491 
-4.75 -0.00453093 -0.0146397 0.0250364 0.013561 0.0178491 
-4.74 -0.00452536 -0.0145915 0.0248498 0.0128762 0.0187625 
-4.73 -0.00451829 -0.0145379 0.0246521 0.0121739 0.0196892 
-4.72 -0.00450973 -0.0144789 0.0244432 0.0114541 0.0206293 
-4.71 -0.00449966 -0.0144146 0.0242232 0.0107166 0.0215828 
-4.7 -0.0044881 -0.0143448 0.0239921 0.00996154 0.0225496 
-4.69 -0.00447504 -0.0142698 0.0237499 0.00918892 0.0235298 
-4.68 -0.00446048 -0.0141893 0.0234966 0.00839872 0.0245233 
-4.67 -0.00444442 -0.0141035 0.0232321 0.00759094 0.0255302 
-4.66 -0.00442687 -0.0140123 0.0229566 0.00676558 0.0265505 
-4.65 -0.00440781 -0.0139157 0.0226699 0.00592264 0.0275841 
-4.64 -0.00438726 -0.0138138 0.0223721 0.00506213 0.028631 
-4.63 -0.00436522 -0.0137065 0.0220632 0.00418404 0.0296914 
-4.62 -0.00434167 -0.0135939 0.0217431 0.00328836 0.0307651 
-4.61 -0.00431662 -0.0134758 0.021412 0.00237511 0.0318521 
-4.6 -0.00429008 -0.0133524 0.0210697 0.00144429 0.0329525 
-4.59 -0.00426204 -0.0132237 0.0207163 0.000495879 0.0340663 
-4.58 -0.0042325 -0.0130895 0.0203518 -0.000470107 0.0351934 
-4.57 -0.00420147 -0.01295 0.0199762 -0.00145367 0.0363339 
-4.56 -0.00416893 -0.0128051 0.0195895 -0.00245481 0.0374877 
-4.55 -0.0041349 -0.0126549 0.0191916 -0.00347353 0.0386549 
-4.54 -0.00409937 -0.0124993 0.0187827 -0.00450983 0.0398355 
-4.53 -0.00406234 -0.0123383 0.0183626 -0.00556371 0.0410294 
-4.52 -0.00402381 -0.012172 0.0179314 -0.00663517 0.0422367 
-4.51 -0.00398379 -0.0120003 0.0174891 -0.0077242 0.0434573 
-4.5 -0.00394227 -0.0118232 0.0170356 -0.00883082 0.0446913 
-4.49 -0.00389925 -0.0116407 0.0165711 -0.00995501 0.0459387 
-4.48 -0.00385473 -0.0114529 0.0160954 -0.0110968 0.0471994 
-4.47 -0.00380871 -0.0112597 0.0156086 -0.0122561 0.0484735 
-4.46 -0.0037612 -0.0110612 0.0151107 -0.0134331 0.0497609 
-4.45 -0.00371219 -0.0108572 0.0146017 -0.0146276 0.0510617 
-4.44 -0.00366168 -0.0106479 0.0140816 -0.0158396 0.0523758 
-4.43 -0.00360967 -0.0104333 0.0135503 -0.0170693 0.0537033 
-4.42 -0.00355616 -0.0102132 0.013008 -0.0183165 0.0550442 
-4.41 -0.00350116 -0.00998785 0.0124545 -0.0195814 0.0563984 
-4.4 -0.00344466 -0.00975708 0.0118899 -0.0208638 0.057766 
-4.39 -0.00338666 -0.00952094 0.0113142 -0.0221637 0.059147 
-4.38 -0.00332716 -0.00927944 0.0107273 -0.0234813 0.0605413 
-4.37 -0.00326617 -0.00903256 0.0101294 -0.0248164 0.0619489 
-4.36 -0.00320367 -0.00878032 0.00952033 -0.0261691 0.06337 
-4.35 -0.00313968 -0.00852271 0.00890014 -0.0275394 0.0648043 
-4.34 -0.00307419 -0.00825974 0.00826884 -0.0289273 0.0662521 
-4.33 -0.0030072 -0.00799139 0.00762643 -0.0303327 0.0677132 
-4.32 -0.00293872 -0.00771767 0.00697289 -0.0317558 0.0691876 
-4.31 -0.00286873 -0.00743859 0.00630824 -0.0331964 0.0706755 
-4.3 -0.00279725 -0.00715414 0.00563247 -0.0346546 0.0721766 
-4.29 -0.00272427 -0.00686432 0.00494559 -0.0361303 0.0736912 
-4.28 -0.00264979 -0.00656913 0.00424759 -0.0376237 0.0752191 
-4.27 -0.00257382 -0.00626857 0.00353847 -0.0391346 0.0767603 
-4.26 -0.00249635 -0.00596265 0.00281824 -0.0406631 0.0783149 
-4.25 -0.00241737 -0.00565136 0.00208689 -0.0422092 0.0798829 
-4.24 -0.00233691 -0.00533469 0.00134442 -0.0437728 0.0814642 
-4.23 -0.00225494 -0.00501266 0.000590834 -0.045354 0.0830589 
-4.22 -0.00217147 -0.00468526 -0.000173867 -0.0469528 0.084667 
-4.21 -0.00208651 -0.0043525 -0.000949685 -0.0485692 0.0862884 
-4.2 -0.00200005 -0.00401436 -0.00173662 -0.0502032 0.0879232 
-4.19 -0.00191209 -0.00367086 -0.00253467 -0.0518547 0.0895713 
-4.18 -0.00182263 -0.00332198 -0.00334384 -0.0535239 0.0912328 
-4.17 -0.00173168 -0.00296774 -0.00416412 -0.0552106 0.0929076 
-4.16 -0.00163922 -0.00260813 -0.00499553 -0.0569149 0.0945958 
-4.15 -0.00154527 -0.00224315 -0.00583804 -0.0586367 0.0962974 
-4.14 -0.00144982 -0.00187281 -0.00669168 -0.0603762 0.0980123 
-4.13 -0.00135288 -0.00149709 -0.00755643 -0.0621332 0.0997406 
-4.12 -0.00125443 -0.00111601 -0.0084323 -0.0639078 0.101482 
-4.11 -0.00115449 -0.000729559 -0.00931928 -0.0656999 0.103237 
-4.1 -0.00105305 -0.000337739 -0.0102174 -0.0675097 0.105006 
-4.09 -0.000950109 5.94496e-05 -0.0111266 -0.069337 0.106787 
-4.08 -0.000845672 0.000462006 -0.0120469 -0.0711819 0.108582 
-4.07 -0.000739738 0.000869932 -0.0129784 -0.0730444 0.110391 
-4.06 -0.000632305 0.00128323 -0.013921 -0.0749245 0.112213 
-4.05 -0.000523374 0.00170189 -0.0148746 -0.0768221 0.114048 
-4.04 -0.000412946 0.00212592 -0.0158395 -0.0787373 0.115896 
-4.03 -0.000301019 0.00255532 -0.0168154 -0.0806701 0.117758 
-4.02 -0.000187594 0.00299008 -0.0178024 -0.0826205 0.119633 
-4.01 -7.26717e-05 0.00343022 -0.0188006 -0.0845885 0.121522 
-4 4.37488e-05 0.00387572 -0.0198098 -0.086574 0.123424 
-3.99 0.000161667 0.0043266 -0.0208302 -0.0885771 0.125339 
-3.98 0.000281084 0.00478284 -0.0218617 -0.0905978 0.127268 
-3.97 0.000401998 0.00524445 -0.0229043 -0.0926361 0.12921 
-3.96 0.000524411 0.00571142 -0.0239581 -0.094692 0.131165 
-3.95 0.000648321 0.00618377 -0.0250229 -0.0967654 0.133134 
-3.94 0.000773729 0.00666149 -0.0260989 -0.0988564 0.135116 
-3.93 0.000900636 0.00714457 -0.027186 -0.100965 0.137112 
-3.92 0.00102904 0.00763302 -0.0282842 -0.103091 0.13912 
-3.91 0.00115894 0.00812684 -0.0293935 -0.105235 0.141143 
-3.9 0.00129034 0.00862603 -0.0305139 -0.107396 0.143178 
-3.89 0.00142324 0.00913058 -0.0316455 -0.109575 0.145227 
-3.88 0.00155764 0.00964051 -0.0327882 -0.111772 0.147289 
-3.87 0.00169353 0.0101558 -0.033942 -0.113986 0.149365 
-3.86 0.00183092 0.0106765 -0.0351069 -0.116217 0.151454 
-3.85 0.00196981 0.0112025 -0.0362829 -0.118466 0.153556 
-3.84 0.0021102 0.0117339 -0.03747 -0.120733 0.155672 
-3.83 0.00225209 0.0122707 -0.0386683 -0.123018 0.157801 
-3.82 0.00239547 0.0128128 -0.0398776 -0.12532 0.159943 
-3.81 0.00254035 0.0133603 -0.0410981 -0.127639 0.162099 
-3.8 0.00268673 0.0139132 -0.0423297 -0.129976 0.164268 
-3.79 0.00283461 0.0144714 -0.0435725 -0.132331 0.166451 
-3.78 0.00298399 0.015035 -0.0448263 -0.134703 0.168647 
-3.77 0.00313486 0.015604 -0.0460912 -0.137093 0.170856 
-3.76 0.00328723 0.0161783 -0.0473673 -0.1395 0.173078 
-3.75 0.0034411 0.0167581 -0.0486545 -0.141925 0.175314 
-3.74 0.00359647 0.0173431 -0.0499528 -0.144368 0.177564 
-3.73 0.00375334 0.0179336 -0.0512622 -0.146828 0.179826 
-3.72 0.0039117 0.0185294 -0.0525828 -0.149306 0.182102 
-3.71 0.00407156 0.0191306 -0.0539144 -0.151801 0.184392 
-3.7 0.00423292 0.0197372 -0.0552572 -0.154314 0.186694 
-3.69 0.00439578 0.0203491 -0.0566111 -0.156845 0.18901 
-3.68 0.00456013 0.0209664 -0.0579761 -0.159393 0.19134 
-3.67 0.00472599 0.021589 -0.0593522 -0.161958 0.193683 
-3.66 0.00489334 0.0222171 -0.0607394 -0.164541 0.196039 
-3.65 0.00506219 0.0228505 -0.0621378 -0.167142 0.198408 
-3.64 0.00523253 0.0234892 -0.0635473 -0.169761 0.200791 
-3.63 0.00540438 0.0241334 -0.0649679 -0.172397 0.203187 
-3.62 0.00557772 0.0247829 -0.0663996 -0.17505 0.205597 
-3.61 0.00575256 0.0254377 -0.0678424 -0.177721 0.20802 
-3.6 0.0059289 0.026098 -0.0692963 -0.18041 0.210456 
-3.59 0.00610674 0.0267636 -0.0707614 -0.183116 0.212906 
-3.58 0.00628608 0.0274346 -0.0722376 -0.18584 0.215369 
-3.57 0.00646691 0.0281109 -0.0737248 -0.188581 0.217845 
-3.56 0.00664924 0.0287926 -0.0752233 -0.19134 0.220335 
-3.55 0.00683307 0.0294797 -0.0767328 -0.194117 0.222838 
-3.54 0.0070184 0.0301722 -0.0782534 -0.196911 0.225355 
-3.53 0.00720522 0.03087 -0.0797852 -0.199723 0.227884 
-3.52 0.00739354 0.0315732 -0.081328 -0.202552 0.230428 
-3.51 0.00758337 0.0322817 -0.082882 -0.205399 0.232984 
-3.5 0.00777468 0.0329957 -0.0844471 -0.208263 0.235554 
-3.49 0.0079675 0.033715 -0.0860234 -0.211145 0.238137 
-3.48 0.00816182 0.0344396 -0.0876107 -0.214045 0.240734 
-3.47 0.00835763 0.0351696 -0.0892092 -0.216962 0.243344 
-3.46 0.00855494 0.035905 -0.0908187 -0.219897 0.245967 
-3.45 0.00875375 0.0366458 -0.0924394 -0.222849 0.248604 
-3.44 0.00895406 0.0373919 -0.0940712 -0.225819 0.251254 
-3.43 0.00915586 0.0381434 -0.0957142 -0.228807 0.253917 
-3.42 0.00935916 0.0389003 -0.0973682 -0.231812 0.256594 
-3.41 0.00956396 0.0396626 -0.0990333 -0.234835 0.259284 
-3.4 0.00977026 0.0404302 -0.10071 -0.237875 0.261988 
-3.39 0.00997806 0.0412031 -0.102397 -0.240933 0.264705 
-3.38 0.0101874 0.0419815 -0.104096 -0.244008 0.267435 
-3.37 0.0103981 0.0427652 -0.105805 -0.247101 0.270178 
-3.36 0.0106104 0.0435543 -0.107526 -0.250212 0.272935 
-3.35 0.0108242 0.0443487 -0.109258 -0.25334 0.275706 
-3.34 0.0110395 0.0451486 -0.111001 -0.256485 0.278489 
-3.33 0.0112563 0.0459537 -0.112755 -0.259649 0.281286 
-3.32 0.0114746 0.0467643 -0.11452 -0.26283 0.284097 
-3.31 0.0116944 0.0475802 -0.116296 -0.266028 0.28692 
-3.3 0.0119156 0.0484015 -0.118084 -0.269244 0.289757 
-3.29 0.0121384 0.0492282 -0.119882 -0.272478 0.292608 
-3.28 0.0123627 0.0500602 -0.121692 -0.275729 0.295472 
-3.27 0.0125885 0.0508976 -0.123513 -0.278998 0.298349 
-3.26 0.0128157 0.0517404 -0.125345 -0.282284 0.301239 
-3.25 0.0130445 0.0525885 -0.127188 -0.285588 0.304143 
-3.24 0.0132748 0.053442 -0.129042 -0.288909 0.30706 
-3.23 0.0135065 0.0543009 -0.130907 -0.292248 0.309991 
-3.22 0.0137398 0.0551651 -0.132784 -0.295605 0.312935 
-3.21 0.0139745 0.0560347 -0.134671 -0.298979 0.315892 
-3.2 0.0142108 0.0569097 -0.13657 -0.302371 0.318863 
-3.19 0.0144486 0.0577901 -0.138479 -0.305781 0.321847 
-3.18 0.0146878 0.0586758 -0.1404 -0.309208 0.324844 
-3.17 0.0149286 0.0595669 -0.142332 -0.312652 0.327855 
-3.16 0.0151708 0.0604633 -0.144275 -0.316114 0.330879 
-3.15 0.0154146 0.0613651 -0.146229 -0.319594 0.333917 
-3.14 0.0156598 0.0622723 -0.148195 -0.323091 0.336967 
-3.13 0.0159066 0.0631849 -0.150171 -0.326606 0.340032 
-3.12 0.0161548 0.0641028 -0.152159 -0.330138 0.343109 
-3.11 0.0164045 0.0650261 -0.154157 -0.333688 0.3462 
-3.1 0.0166558 0.0659548 -0.156167 -0.337256 0.349304 
-3.09 0.0169085 0.0668888 -0.158188 -0.340841 0.352422 
-3.08 0.0171627 0.0678282 -0.16022 -0.344444 0.355553 
-3.07 0.0174185 0.0687729 -0.162263 -0.348064 0.358697 
-3.06 0.0176757 0.0697231 -0.164317 -0.351702 0.361855 
-3.05 0.0179344 0.0706786 -0.166383 -0.355358 0.365026 
-3.04 0.0181947 0.0716395 -0.168459 -0.359031 0.36821 
-3.03 0.0184564 0.0726057 -0.170547 -0.362721 0.371408 
-3.02 0.0187196 0.0735773 -0.172646 -0.36643 0.374619 
-3.01 0.0189843 0.0745543 -0.174755 -0.370156 0.377844 
-3 0.0192505 0.0755366 -0.176876 -0.373899 0.381082 
-2.99 0.0195183 0.0765243 -0.179008 -0.37766 0.384333 
-2.98 0.0197875 0.0775174 -0.181152 -0.381438 0.387597 
-2.97 0.0200582 0.0785159 -0.183306 -0.385235 0.390875 
-2.96 0.0203304 0.0795197 -0.185471 -0.389048 0.394167 
-2.95 0.0206041 0.0805289 -0.187648 -0.392879 0.397471 
-2.94 0.0208793 0.0815434 -0.189835 -0.396728 0.400789 
-2.93 0.021156 0.0825634 -0.192034 -0.400595 0.404121 
-2.92 0.0214342 0.0835887 -0.194244 -0.404479 0.407465 
-2.91 0.0217139 0.0846193 -0.196465 -0.40838 0.410823 
-2.9 0.0219951 0.0856553 -0.198697 -0.4123 0.414195 
-2.89 0.0222778 0.0866967 -0.20094 -0.416236 0.41758 
-2.88 0.022562 0.0877435 -0.203195 -0.420191 0.420978 
-2.87 0.0228477 0.0887956 -0.20546 -0.424162 0.424389 
-2.86 0.0231349 0.0898532 -0.207737 -0.428152 0.427814 
-2.85 0.0234236 0.090916 -0.210024 -0.432159 0.431252 
-2.84 0.0237137 0.0919843 -0.212323 -0.436184 0.434704 
-2.83 0.0240054 0.0930579 -0.214633 -0.440226 0.438169 
-2.82 0.0242986 0.0941368 -0.216954 -0.444286 0.441647 
-2.81 0.0245933 0.0952212 -0.219286 -0.448363 0.445139 
-2.8 0.0248895 0.0963109 -0.22163 -0.452458 0.448644 
-2.79 0.0251871 0.097406 -0.223984 -0.456571 0.452162 
-2.78 0.0254863 0.0985064 -0.22635 -0.460701 0.455694 
-2.77 0.025787 0.0996123 -0.228726 -0.464848 0.459239 
-2.76 0.0260891 0.100723 -0.231114 -0.469014 0.462798 
-2.75 0.0263928 0.10184 -0.233513 -0.473196 0.46637 
-2.74 0.026698 0.102962 -0.235923 -0.477397 0.469955 
-2.73 0.0270046 0.104089 -0.238344 -0.481615 0.473553 
-2.72 0.0273128 0.105222 -0.240776 -0.48585 0.477165 
-2.71 0.0276225 0.10636 -0.243219 -0.490104 0.48079 
-2.7 0.0279336 0.107503 -0.245674 -0.494374 0.484429 
-2.69 0.0282463 0.108652 -0.248139 -0.498663 0.488081 
-2.68 0.0285604 0.109806 -0.250616 -0.502969 0.491746 
-2.67 0.0288761 0.110966 -0.253104 -0.507292 0.495425 
-2.66 0.0291932 0.112131 -0.255603 -0.511633 0.499117 
-2.65 0.0295119 0.113301 -0.258113 -0.515992 0.502823 
-2.64 0.029832 0.114476 -0.260634 -0.520368 0.506541 
-2.63 0.0301537 0.115657 -0.263166 -0.524762 0.510273 
-2.62 0.0304768 0.116844 -0.26571 -0.529173 0.514019 
-2.61 0.0308014 0.118035 -0.268264 -0.533602 0.517778 
-2.6 0.0311276 0.119233 -0.27083 -0.538049 0.52155 
-2.59 0.0314552 0.120435 -0.273406 -0.542513 0.525336 
-2.58 0.0317843 0.121643 -0.275994 -0.546994 0.529134 
-2.57 0.032115 0.122856 -0.278593 -0.551494 0.532947 
-2.56 0.0324471 0.124075 -0.281203 -0.55601 0.536772 
-2.55 0.0327807 0.125298 -0.283825 -0.560545 0.540611 
-2.54 0.0331158 0.126528 -0.286457 -0.565097 0.544464 
-2.53 0.0334525 0.127762 -0.2891 -0.569666 0.54833 
-2.52 0.0337906 0.129002 -0.291755 -0.574254 0.552209 
-2.51 0.0341302 0.130248 -0.294421 -0.578858 0.556101 
-2.5 0.0344713 0.131499 -0.297097 -0.583481 0.560007 
-2.49 0.0348139 0.132755 -0.299785 -0.58812 0.563926 
-2.48 0.035158 0.134016 -0.302484 -0.592778 0.567859 
-2.47 0.0355036 0.135283 -0.305194 -0.597453 0.571804 
-2.46 0.0358508 0.136555 -0.307916 -0.602146 0.575764 
-2.45 0.0361994 0.137833 -0.310648 -0.606856 0.579736 
-2.44 0.0365495 0.139116 -0.313391 -0.611584 0.583722 
-2.43 0.0369011 0.140404 -0.316146 -0.616329 0.587721 
-2.42 0.0372542 0.141698 -0.318912 -0.621092 0.591734 
-2.41 0.0376088 0.142997 -0.321689 -0.625872 0.59576 
-2.4 0.0379649 0.144302 -0.324477 -0.63067 0.5998 
-2.39 0.0383225 0.145611 -0.327276 -0.635486 0.603852 
-2.38 0.0386815 0.146927 -0.330086 -0.640319 0.607918 
-2.37 0.0390421 0.148247 -0.332907 -0.64517 0.611998 
-2.36 0.0394042 0.149573 -0.335739 -0.650039 0.616091 
-2.35 0.0397678 0.150904 -0.338583 -0.654925 0.620197 
-2.34 0.0401329 0.152241 -0.341438 -0.659828 0.624316 
-2.33 0.0404995 0.153583 -0.344303 -0.664749 0.628449 
-2.32 0.0408675 0.15493 -0.34718 -0.669688 0.632596 
-2.31 0.0412371 0.156283 -0.350068 -0.674644 0.636755 
-2.3 0.0416082 0.157641 -0.352967 -0.679618 0.640928 
-2.29 0.0419808 0.159005 -0.355878 -0.68461 0.645115 
-2.28 0.0423548 0.160374 -0.358799 -0.689619 0.649314 
-2.27 0.0427304 0.161748 -0.361731 -0.694645 0.653527 
-2.26 0.0431075 0.163128 -0.364675 -0.699689 0.657754 
-2.25 0.043486 0.164513 -0.36763 -0.704751 0.661994 
-2.24 0.0438661 0.165903 -0.370596 -0.709831 0.666247 
-2.23 0.0442477 0.167299 -0.373572 -0.714927 0.670513 
-2.22 0.0446307 0.1687 -0.376561 -0.720042 0.674793 
-2.21 0.0464279 0.174278 -0.381527 -0.715182 0.665012 
-2.2 0.0492218 0.182716 -0.387785 -0.703377 0.645516 
-2.19 0.0520238 0.191072 -0.393932 -0.691637 0.626203 
-2.18 0.0548341 0.199346 -0.399967 -0.679965 0.607072 
-2.17 0.0576525 0.207538 -0.405891 -0.668358 0.588124 
-2.16 0.0604792 0.215648 -0.411704 -0.656818 0.569358 
-2.15 0.063314 0.223676 -0.417405 -0.645344 0.550774 
-2.14 0.066157 0.231622 -0.422995 -0.633936 0.532373 
-2.13 0.0690083 0.239486 -0.428474 -0.622594 0.514154 
-2.12 0.0718677 0.247269 -0.433841 -0.611319 0.496118 
-2.11 0.0747353 0.254969 -0.439097 -0.600111 0.478264 
-2.1 0.0776111 0.262587 -0.444242 -0.588968 0.460593 
-2.09 0.0804951 0.270123 -0.449275 -0.577892 0.443104 
-2.08 0.0833873 0.277578 -0.454196 -0.566882 0.425798 
-2.07 0.0862877 0.28495 -0.459007 -0.555938 0.408674 
-2.06 0.0891963 0.29224 -0.463706 -0.545061 0.391732 
-2.05 0.0921131 0.299449 -0.468294 -0.53425 0.374973 
-2.04 0.095038 0.306575 -0.47277 -0.523505 0.358397 
-2.03 0.0979712 0.313619 -0.477135 -0.512826 0.342003 
-2.02 0.100913 0.320582 -0.481388 -0.502214 0.325791 
-2.01 0.103862 0.327462 -0.485531 -0.491668 0.309762 
-2 0.10682 0.334261 -0.489561 -0.481189 0.293915 
-1.99 0.109786 0.340978 -0.493481 -0.470776 0.278251 
-1.98 0.11276 0.347612 -0.497289 -0.460429 0.262769 
-1.97 0.115742 0.354165 -0.500986 -0.450148 0.247469 
-1.96 0.118733 0.360635 -0.504571 -0.439933 0.232353 
-1.95 0.121732 0.367024 -0.508045 -0.429785 0.217418 
-1.94 0.124738 0.373331 -0.511408 -0.419703 0.202666 
-1.93 0.127754 0.379555 -0.514659 -0.409688 0.188096 
-1.92 0.130777 0.385698 -0.517799 -0.399739 0.173709 
-1.91 0.133808 0.391759 -0.520827 -0.389856 0.159505 
-1.9 0.136848 0.397738 -0.523744 -0.380039 0.145482 
-1.89 0.139896 0.403635 -0.52655 -0.370289 0.131643 
-1.88 0.142952 0.40945 -0.529245 -0.360605 0.117985 
-1.87 0.146016 0.415182 -0.531828 -0.350987 0.10451 
-1.86 0.149089 0.420833 -0.534299 -0.341435 0.091218 
-1.85 0.152169 0.426402 -0.53666 -0.33195 0.078108 
-1.84 0.155258 0.431889 -0.538909 -0.322531 0.0651805 
-1.83 0.158355 0.437294 -0.541046 -0.313179 0.0524355 
-1.82 0.161461 0.442617 -0.543072 -0.303893 0.0398729 
-1.81 0.164574 0.447859 -0.544987 -0.294673 0.0274927 
-1.8 0.167696 0.453018 -0.546791 -0.285519 0.015295 
-1.79 0.170825 0.458095 -0.548483 -0.276431 0.00327976 
-1.78 0.173963 0.46309 -0.550064 -0.26741 -0.00855303 
-1.77 0.17711 0.468003 -0.551533 -0.258455 -0.0202034 
-1.76 0.180264 0.472834 -0.552891 -0.249567 -0.0316713 
-1.75 0.183427 0.477584 -0.554138 -0.240745 -0.0429567 
-1.74 0.186597 0.482251 -0.555273 -0.231989 -0.0540597 
-1.73 0.189776 0.486836 -0.556297 -0.223299 -0.0649802 
-1.72 0.192964 0.49134 -0.557209 -0.214676 -0.0757183 
-1.71 0.196159 0.495761 -0.55801 -0.206119 -0.0862739 
-1.7 0.199363 0.5001 -0.5587 -0.197628 -0.096647 
-1.69 0.202574 0.504358 -0.559279 -0.189203 -0.106838 
-1.68 0.205794 0.508533 -0.559746 -0.180845 -0.116846 
-1.67 0.209022 0.512627 -0.560101 -0.172553 -0.126672 
-1.66 0.212259 0.516638 -0.560346 -0.164328 -0.136315 
-1.65 0.215503 0.520568 -0.560479 -0.156169 -0.145776 
-1.64 0.218756 0.524415 -0.5605 -0.148076 -0.155055 
-1.63 0.222017 0.528181 -0.56041 -0.140049 -0.164151 
-1.62 0.225286 0.531865 -0.560209 -0.132088 -0.173064 
-1.61 0.228563 0.535466 -0.559897 -0.124194 -0.181795 
-1.6 0.231849 0.538986 -0.559473 -0.116367 -0.190344 
-1.59 0.235143 0.542424 -0.558937 -0.108605 -0.19871 
-1.58 0.238445 0.545779 -0.558291 -0.10091 -0.206894 
-1.57 0.241755 0.549053 -0.557533 -0.0932809 -0.214895 
-1.56 0.245073 0.552245 -0.556663 -0.0857182 -0.222714 
-1.55 0.248399 0.555355 -0.555683 -0.0782219 -0.23035 
-1.54 0.251734 0.558383 -0.554591 -0.0707918 -0.237804 
-1.53 0.255077 0.561329 -0.553387 -0.0634281 -0.245076 
-1.52 0.258428 0.564193 -0.552072 -0.0561306 -0.252165 
-1.51 0.261787 0.566975 -0.550646 -0.0488994 -0.259071 
-1.5 0.265155 0.569675 -0.549109 -0.0417346 -0.265795 
-1.49 0.26853 0.572293 -0.54746 -0.034636 -0.272337 
-1.48 0.271914 0.574829 -0.545699 -0.0276037 -0.278696 
-1.47 0.275306 0.577283 -0.543828 -0.0206377 -0.284873 
-1.46 0.278707 0.579655 -0.541845 -0.013738 -0.290867 
-1.45 0.282115 0.581945 -0.53975 -0.00690461 -0.296679 
-1.44 0.285532 0.584153 -0.537544 -0.000137507 -0.302308 
-1.43 0.288956 0.586279 -0.535227 0.00656331 -0.307755 
-1.42 0.292389 0.588323 -0.532799 0.0131978 -0.31302 
-1.41 0.295831 0.590286 -0.530259 0.019766 -0.318102 
-1.4 0.29928 0.592166 -0.527607 0.026268 -0.323001 
-1.39 0.302738 0.593964 -0.524845 0.0327036 -0.327718 
-1.38 0.306203 0.595681 -0.521971 0.039073 -0.332253 
-1.37 0.309677 0.597315 -0.518985 0.045376 -0.336605 
-1.36 0.313159 0.598867 -0.515889 0.0516128 -0.340775 
-1.35 0.31665 0.600338 -0.512681 0.0577832 -0.344762 
-1.34 0.320148 0.601726 -0.509361 0.0638874 -0.348567 
-1.33 0.323655 0.603033 -0.50593 0.0699252 -0.35219 
-1.32 0.32717 0.604257 -0.502388 0.0758968 -0.35563 
-1.31 0.330693 0.6054 -0.498735 0.0818021 -0.358887 
-1.3 0.334225 0.60646 -0.49497 0.0876411 -0.361962 
-1.29 0.337764 0.607439 -0.491093 0.0934138 -0.364855 
-1.28 0.341312 0.608336 -0.487106 0.0991202 -0.367565 
-1.27 0.344868 0.60915 -0.483007 0.10476 -0.370093 
-1.26 0.348432 0.609883 -0.478796 0.110334 -0.372438 
-1.25 0.352004 0.610534 -0.474474 0.115842 -0.374601 
-1.24 0.355585 0.611102 -0.470041 0.121283 -0.376581 
-1.23 0.359173 0.611589 -0.465497 0.126658 -0.378379 
-1.22 0.36277 0.611994 -0.460841 0.131966 -0.379994 
-1.21 0.366375 0.612317 -0.456073 0.137209 -0.381427 
-1.2 0.369989 0.612558 -0.451195 0.142385 -0.382678 
-1.19 0.37361 0.612717 -0.446205 0.147494 -0.383746 
-1.18 0.37724 0.612794 -0.441103 0.152538 -0.384631 
-1.17 0.380878 0.612789 -0.435891 0.157515 -0.385334 
-1.16 0.384524 0.612702 -0.430567 0.162426 -0.385855 
-1.15 0.388178 0.612533 -0.425131 0.167271 -0.386193 
-1.14 0.39184 0.612282 -0.419584 0.172049 -0.386349 
-1.13 0.395511 0.611949 -0.413926 0.176761 -0.386323 
-1.12 0.39919 0.611534 -0.408157 0.181406 -0.386113 
-1.11 0.402877 0.611037 -0.402276 0.185986 -0.385722 
-1.1 0.406572 0.610458 -0.396283 0.190499 -0.385148 
-1.09 0.410275 0.609797 -0.39018 0.194946 -0.384391 
-1.08 0.413987 0.609054 -0.383965 0.199326 -0.383452 
-1.07 0.417707 0.60823 -0.377638 0.20364 -0.382331 
-1.06 0.421435 0.607323 -0.3712 0.207888 -0.381027 
-1.05 0.425171 0.606334 -0.364651 0.21207 -0.379541 
-1.04 0.428915 0.605264 -0.357991 0.216185 -0.377872 
-1.03 0.432668 0.604111 -0.351219 0.220234 -0.376021 
-1.02 0.436429 0.602876 -0.344336 0.224217 -0.373987 
-1.01 0.440198 0.60156 -0.337341 0.228134 -0.371771 
-1 0.443975 0.600161 -0.330235 0.231984 -0.369373 
-0.99 0.44776 0.598681 -0.323018 0.235768 -0.366792 
-0.98 0.451554 0.597118 -0.315689 0.239485 -0.364028 
-0.97 0.455356 0.595474 -0.308249 0.243136 -0.361082 
-0.96 0.459165 0.593747 -0.300697 0.246721 -0.357954 
-0.95 0.462984 0.591939 -0.293034 0.25024 -0.354643 
-0.94 0.46681 0.590049 -0.28526 0.253692 -0.35115 
-0.93 0.470644 0.588076 -0.277375 0.257079 -0.347474 
-0.92 0.474487 0.586022 -0.269378 0.260398 -0.343616 
-0.91 0.478338 0.583886 -0.261269 0.263652 -0.339575 
-0.9 0.482197 0.581667 -0.25305 0.266839 -0.335352 
-0.89 0.486064 0.579367 -0.244719 0.26996 -0.330947 
-0.88 0.48994 0.576985 -0.236276 0.273015 -0.326359 
-0.87 0.493824 0.574521 -0.227722 0.276003 -0.321588 
-0.86 0.497716 0.571975 -0.219057 0.278925 -0.316636 
-0.85 0.501616 0.569346 -0.210281 0.281781 -0.3115 
-0.84 0.505524 0.566636 -0.201393 0.28457 -0.306182 
-0.83 0.50944 0.563844 -0.192394 0.287293 -0.300682 
-0.82 0.513365 0.56097 -0.183283 0.28995 -0.294999 
-0.81 0.517298 0.558014 -0.174061 0.292541 -0.289134 
-0.8 0.521239 0.554976 -0.164728 0.295065 -0.283087 
-0.79 0.525188 0.551856 -0.155283 0.297523 -0.276857 
-0.78 0.529146 0.548655 -0.145727 0.299915 -0.270444 
-0.77 0.533111 0.545371 -0.136059 0.30224 -0.263849 
-0.76 0.537085 0.542005 -0.126281 0.304499 -0.257072 
-0.75 0.541067 0.538557 -0.11639 0.306692 -0.250112 
-0.74 0.545057 0.535027 -0.106389 0.308818 -0.24297 
-0.73 0.549056 0.531415 -0.0962758 0.310879 -0.235645 
-0.72 0.553062 0.527722 -0.0860515 0.312873 -0.228137 
-0.71 0.557077 0.523946 -0.0757158 0.3148 -0.220448 
-0.7 0.5611 0.520088 -0.0652688 0.316661 -0.212576 
-0.69 0.565131 0.516149 -0.0547103 0.318457 -0.204521 
-0.68 0.56917 0.512127 -0.0440406 0.320185 -0.196284 
-0.67 0.573218 0.508023 -0.0332594 0.321848 -0.187865 
-0.66 0.577274 0.503838 -0.0223669 0.323444 -0.179263 
-0.65 0.581338 0.49957 -0.011363 0.324974 -0.170478 
-0.64 0.58541 0.495221 -0.000247757 0.326437 -0.161511 
-0.63 0.58949 0.490789 0.0109789 0.327835 -0.152362 
-0.62 0.593579 0.486276 0.0223169 0.329165 -0.14303 
-0.61 0.597675 0.481681 0.0337662 0.33043 -0.133516 
-0.6 0.60178 0.477003 0.0453269 0.331629 -0.123819 
-0.59 0.605894 0.472244 0.056999 0.332761 -0.11394 
-0.58 0.610015 0.467403 0.0687825 0.333826 -0.103879 
-0.57 0.614144 0.462479 0.0806773 0.334826 -0.0936346 
-0.56 0.618282 0.457474 0.0926835 0.335759 -0.0832081 
-0.55 0.622428 0.452387 0.104801 0.336626 -0.0725992 
-0.54 0.626582 0.447218 0.11703 0.337427 -0.0618078 
-0.53 0.630744 0.441966 0.12937 0.338161 -0.050834 
-0.52 0.634915 0.436633 0.141822 0.338829 -0.0396777 
-0.51 0.639093 0.431218 0.154385 0.339431 -0.0283389 
-0.5 0.64328 0.425721 0.167059 0.339966 -0.0168177 
-0.49 0.647475 0.420142 0.179845 0.340435 -0.00511406 
-0.48 0.651679 0.414481 0.192742 0.340838 0.00677205 
-0.47 0.65589 0.408738 0.205751 0.341175 0.0188406 
-0.46 0.66011 0.402913 0.218871 0.341445 0.0310916 
-0.45 0.664338 0.397006 0.232102 0.341649 0.0435251 
-0.44 0.668574 0.391017 0.245445 0.341787 0.056141 
-0.43 0.672818 0.384946 0.258899 0.341858 0.0689394 
-0.42 0.67707 0.378793 0.272464 0.341863 0.0819202 
-0.41 0.681331 0.372559 0.286141 0.341802 0.0950835 
-0.4 0.6856 0.366242 0.299929 0.341674 0.108429 
-0.39 0.689877 0.359843 0.313828 0.34148 0.121957 
-0.38 0.694162 0.353362 0.327839 0.34122 0.135668 
-0.37 0.698455 0.3468 0.341961 0.340894 0.149561 
-0.36 0.702757 0.340155 0.356195 0.340501 0.163637 
-0.35 0.707067 0.333428 0.37054 0.340042 0.177895 
-0.34 0.711385 0.32662 0.384996 0.339517 0.192335 
-0.33 0.715711 0.319729 0.399564 0.338925 0.206958 
-0.32 0.720045 0.312756 0.414243 0.338268 0.221763 
-0.31 0.724388 0.305702 0.429033 0.337543 0.236751 
-0.3 0.728738 0.298565 0.443935 0.336753 0.251921 
-0.29 0.733097 0.291347 0.458948 0.335896 0.267274 
-0.28 0.737464 0.284047 0.474073 0.334973 0.282809 
-0.27 0.74184 0.276664 0.489309 0.333984 0.298527 
-0.26 0.746197 0.269168 0.504575 0.332798 0.314375 
-0.25 0.748201 0.258815 0.512546 0.319998 0.325514 
-0.24 0.750125 0.248463 0.520206 0.307198 0.336216 
-0.23 0.751972 0.23811 0.527552 0.294398 0.346481 
-0.22 0.75374 0.227757 0.534586 0.281598 0.35631 
-0.21 0.755429 0.217405 0.541307 0.268798 0.365701 
-0.2 0.757039 0.207052 0.547716 0.255998 0.374656 
-0.19 0.758572 0.1967 0.553812 0.243198 0.383174 
-0.18 0.760025 0.186347 0.559595 0.230398 0.391255 
-0.17 0.7614 0.175994 0.565066 0.217598 0.398899 
-0.16 0.762696 0.165642 0.570224 0.204798 0.406106 
-0.15 0.763914 0.155289 0.57507 0.191999 0.412877 
-0.14 0.765053 0.144937 0.579603 0.179199 0.419211 
-0.13 0.766114 0.134584 0.583823 0.166399 0.425108 
-0.12 0.767096 0.124231 0.587731 0.153599 0.430568 
-0.11 0.768 0.113879 0.591326 0.140799 0.435591 
-0.1 0.768825 0.103526 0.594609 0.127999 0.440178 
-0.09 0.769571 0.0931735 0.597578 0.115199 0.444328 
-0.08 0.770239 0.0828209 0.600236 0.102399 0.448041 
-0.07 0.770828 0.0724683 0.60258 0.0895993 0.451317 
-0.06 0.771339 0.0621157 0.604612 0.0767994 0.454156 
-0.05 0.771771 0.0517631 0.606332 0.0639995 0.456558 
-0.04 0.772125 0.0414105 0.607739 0.0511996 0.458524 
-0.03 0.7724 0.0310578 0.608833 0.0383997 0.460053 
-0.02 0.772596 0.0207052 0.609614 0.0255998 0.461145 
-0.01 0.772714 0.0103526 0.610083 0.0127999 0.4618 
-8.36241e-14 0.772753 9.02216e-14 0.610239 1.10428e-13 0.462019 
0.01 0.772714 -0.0103526 0.610083 -0.0127999 0.4618 
0.02 0.772596 -0.0207052 0.609614 -0.0255998 0.461145 
0.03 0.7724 -0.0310578 0.608833 -0.0383997 0.460053 
0.04 0.772125 -0.0414105 0.607739 -0.0511996 0.458524 
0.05 0.771771 -0.0517631 0.606332 -0.0639995 0.456558 
0.06 0.771339 -0.0621157 0.604612 -0.0767994 0.454156 
0.07 0.770828 -0.0724683 0.60258 -0.0895993 0.451317 
0.08 0.770239 -0.0828209 0.600236 -0.102399 0.448041 
0.09 0.769571 -0.0931735 0.597578 -0.115199 0.444328 
0.1 0.768825 -0.103526 0.594609 -0.127999 0.440178 
0.11 0.768 -0.113879 0.591326 -0.140799 0.435591 
0.12 0.767096 -0.124231 0.587731 -0.153599 0.430568 
0.13 0.766114 -0.134584 0.583823 -0.166399 0.425108 
0.14 0.765053 -0.144937 0.579603 -0.179199 0.419211 
0.15 0.763914 -0.155289 0.57507 -0.191999 0.412877 
0.16 0.762696 -0.165642 0.570224 -0.204798 0.406106 
0.17 0.7614 -0.175994 0.565066 -0.217598 0.398899 
0.18 0.760025 -0.186347 0.559595 -0.230398 0.391255 
0.19 0.758572 -0.1967 0.553812 -0.243198 0.383174 
0.2 0.757039 -0.207052 0.547716 -0.255998 0.374656 
0.21 0.755429 -0.217405 0.541307 -0.268798 0.365701 
0.22 0.75374 -0.227757 0.534586 -0.281598 0.35631 
0.23 0.751972 -0.23811 0.527552 -0.294398 0.346481 
0.24 0.750125 -0.248463 0.520206 -0.307198 0.336216 
0.25 0.748201 -0.258815 0.512546 -0.319998 0.325514 
0.26 0.746197 -0.269168 0.504575 -0.332798 0.314375 
0.27 0.74184 -0.276664 0.489309 -0.333984 0.298527 
0.28 0.737464 -0.284047 0.474073 -0.334973 0.282809 
0.29 0.733097 -0.291347 0.458948 -0.335896 0.267274 
0.3 0.728738 -0.298565 0.443935 -0.336753 0.251921 
0.31 0.724388 -0.305702 0.429033 -0.337543 0.236751 
0.32 0.720045 -0.312756 0.414243 -0.338268 0.221763 
0.33 0.715711 -0.319729 0.399564 -0.338925 0.206958 
0.34 0.711385 -0.32662 0.384996 -0.339517 0.192335 
0.35 0.707067 -0.333428 0.37054 -0.340042 0.177895 
0.36 0.702757 -0.340155 0.356195 -0.340501 0.163637 
0.37 0.698455 -0.3468 0.341961 -0.340894 0.149561 
0.38 0.694162 -0.353362 0.327839 -0.34122 0.135668 
0.39 0.689877 -0.359843 0.313828 -0.34148 0.121957 
0.4 0.6856 -0.366242 0.299929 -0.341674 0.108429 
0.41 0.681331 -0.372559 0.286141 -0.341802 0.0950835 
0.42 0.67707 -0.378793 0.272464 -0.341863 0.0819202 
0.43 0.672818 -0.384946 0.258899 -0.341858 0.0689394 
0.44 0.668574 -0.391017 0.245445 -0.341787 0.056141 
0.45 0.664338 -0.397006 0.232102 -0.341649 0.0435251 
0.46 0.66011 -0.402913 0.218871 -0.341445 0.0310916 
0.47 0.65589 -0.408738 0.205751 -0.341175 0.0188406 
0.48 0.651679 -0.414481 0.192742 -0.340838 0.00677205 
0.49 0.647475 -0.420142 0.179845 -0.340435 -0.00511406 
0.5 0.64328 -0.425721 0.167059 -0.339966 -0.0168177 
0.51 0.639093 -0.431218 0.154385 -0.339431 -0.0283389 
0.52 0.634915 -0.436633 0.141822 -0.338829 -0.0396777 
0.53 0.630744 -0.441966 0.12937 -0.338161 -0.050834 
0.54 0.626582 -0.447218 0.11703 -0.337427 -0.0618078 
0.55 0.622428 -0.452387 0.104801 -0.336626 -0.0725992 
0.56 0.618282 -0.457474 0.0926835 -0.335759 -0.0832081 
0.57 0.614144 -0.462479 0.0806773 -0.334826 -0.0936346 
0.58 0.610015 -0.467403 0.0687825 -0.333826 -0.103879 
0.59 0.605894 -0.472244 0.056999 -0.332761 -0.11394 
0.6 0.60178 -0.477003 0.0453269 -0.331629 -0.123819 
0.61 0.597675 -0.481681 0.0337662 -0.33043 -0.133516 
0.62 0.593579 -0.486276 0.0223169 -0.329165 -0.14303 
0.63 0.58949 -0.490789 0.0109789 -0.327835 -0.152362 
0.64 0.58541 -0.495221 -0.000247757 -0.326437 -0.161511 
0.65 0.581338 -0.49957 -0.011363 -0.324974 -0.170478 
0.66 0.577274 -0.503838 -0.0223669 -0.323444 -0.179263 
0.67 0.573218 -0.508023 -0.0332594 -0.321848 -0.187865 
0.68 0.56917 -0.512127 -0.0440406 -0.320185 -0.196284 
0.69 0.565131 -0.516149 -0.0547103 -0.318457 -0.204521 
0.7 0.5611 -0.520088 -0.0652688 -0.316661 -0.212576 
0.71 0.557077 -0.523946 -0.0757158 -0.3148 -0.220448 
0.72 0.553062 -0.527722 -0.0860515 -0.312873 -0.228137 
0.73 0.549056 -0.531415 -0.0962758 -0.310879 -0.235645 
0.74 0.545057 -0.535027 -0.106389 -0.308818 -0.24297 
0.75 0.541067 -0.538557 -0.11639 -0.306692 -0.250112 
0.76 0.537085 -0.542005 -0.126281 -0.304499 -0.257072 
0.77 0.533111 -0.545371 -0.136059 -0.30224 -0.263849 
0.78 0.529146 -0.548655 -0.145727 -0.299915 -0.270444 
0.79 0.525188 -0.551856 -0.155283 -0.297523 -0.276857 
0.8 0.521239 -0.554976 -0.164728 -0.295065 -0.283087 
0.81 0.517298 -0.558014 -0.174061 -0.292541 -0.289134 
0.82 0.513365 -0.56097 -0.183283 -0.28995 -0.294999 
0.83 0.50944 -0.563844 -0.192394 -0.287293 -0.300682 
0.84 0.505524 -0.566636 -0.201393 -0.28457 -0.306182 
0.85 0.501616 -0.569346 -0.210281 -0.281781 -0.3115 
0.86 0.497716 -0.571975 -0.219057 -0.278925 -0.316636 
0.87 0.493824 -0.574521 -0.227722 -0.276003 -0.321588 
0.88 0.48994 -0.576985 -0.236276 -0.273015 -0.326359 
0.89 0.486064 -0.579367 -0.244719 -0.26996 -0.330947 
0.9 0.482197 -0.581667 -0.25305 -0.266839 -0.335352 
0.91 0.478338 -0.583886 -0.261269 -0.263652 -0.339575 
0.92 0.474487 -0.586022 -0.269378 -0.260398 -0.343616 
0.93 0.470644 -0.588076 -0.277375 -0.257079 -0.347474 
0.94 0.46681 -0.590049 -0.28526 -0.253692 -0.35115 
0.95 0.462984 -0.591939 -0.293034 -0.25024 -0.354643 
0.96 0.459165 -0.593747 -0.300697 -0.246721 -0.357954 
0.97 0.455356 -0.595474 -0.308249 -0.243136 -0.361082 
0.98 0.451554 -0.597118 -0.315689 -0.239485 -0.364028 
0.99 0.44776 -0.598681 -0.323018 -0.235768 -0.366792 
1 0.443975 -0.600161 -0.330235 -0.231984 -0.369373 
1.01 0.440198 -0.60156 -0.337341 -0.228134 -0.371771 
1.02 0.436429 -0.602876 -0.344336 -0.224217 -0.373987 
1.03 0.432668 -0.604111 -0.351219 -0.220234 -0.376021 
1.04 0.428915 -0.605264 -0.357991 -0.216185 -0.377872 
1.05 0.425171 -0.606334 -0.364651 -0.21207 -0.379541 
1.06 0.421435 -0.607323 -0.3712 -0.207888 -0.381027 
1.07 0.417707 -0.60823 -0.377638 -0.20364 -0.382331 
1.08 0.413987 -0.609054 -0.383965 -0.199326 -0.383452 
1.09 0.410275 -0.609797 -0.39018 -0.194946 -0.384391 
1.1 0.406572 -0.610458 -0.396283 -0.190499 -0.385148 
1.11 0.402877 -0.611037 -0.402276 -0.185986 -0.385722 
1.12 0.39919 -0.611534 -0.408157 -0.181406 -0.386113 
1.13 0.395511 -0.611949 -0.413926 -0.176761 -0.386323 
1.14 0.39184 -0.612282 -0.419584 -0.172049 -0.386349 
1.15 0.388178 -0.612533 -0.425131 -0.167271 -0.386193 
1.16 0.384524 -0.612702 -0.430567 -0.162426 -0.385855 
1.17 0.380878 -0.612789 -0.435891 -0.157515 -0.385334 
1.18 0.37724 -0.612794 -0.441103 -0.152538 -0.384631 
1.19 0.37361 -0.612717 -0.446205 -0.147494 -0.383746 
1.2 0.369989 -0.612558 -0.451195 -0.142385 -0.382678 
1.21 0.366375 -0.612317 -0.456073 -0.137209 -0.381427 
1.22 0.36277 -0.611994 -0.460841 -0.131966 -0.379994 
1.23 0.359173 -0.611589 -0.465497 -0.126658 -0.378379 
1.24 0.355585 -0.611102 -0.470041 -0.121283 -0.376581 
1.25 0.352004 -0.610534 -0.474474 -0.115842 -0.374601 
1.26 0.348432 -0.609883 -0.478796 -0.110334 -0.372438 
1.27 0.344868 -0.60915 -0.483007 -0.10476 -0.370093 
1.28 0.341312 -0.608336 -0.487106 -0.0991202 -0.367565 
1.29 0.337764 -0.607439 -0.491093 -0.0934138 -0.364855 
1.3 0.334225 -0.60646 -0.49497 -0.0876411 -0.361962 
1.31 0.330693 -0.6054 -0.498735 -0.0818021 -0.358887 
1.32 0.32717 -0.604257 -0.502388 -0.0758968 -0.35563 
1.33 0.323655 -0.603033 -0.50593 -0.0699252 -0.35219 
1.34 0.320148 -0.601726 -0.509361 -0.0638874 -0.348567 
1.35 0.31665 -0.600338 -0.512681 -0.0577832 -0.344762 
1.36 0.313159 -0.598867 -0.515889 -0.0516128 -0.340775 
1.37 0.309677 -0.597315 -0.518985 -0.045376 -0.336605 
1.38 0.306203 -0.595681 -0.521971 -0.039073 -0.332253 
1.39 0.302738 -0.593964 -0.524845 -0.0327036 -0.327718 
1.4 0.29928 -0.592166 -0.527607 -0.026268 -0.323001 
1.41 0.295831 -0.590286 -0.530259 -0.019766 -0.318102 
1.42 0.292389 -0.588323 -0.532799 -0.0131978 -0.31302 
1.43 0.288956 -0.586279 -0.535227 -0.00656331 -0.307755 
1.44 0.285532 -0.584153 -0.537544 0.000137507 -0.302308 
1.45 0.282115 -0.581945 -0.53975 0.00690461 -0.296679 
1.46 0.278707 -0.579655 -0.541845 0.013738 -0.290867 
1.47 0.275306 -0.577283 -0.543828 0.0206377 -0.284873 
1.48 0.271914 -0.574829 -0.545699 0.0276037 -0.278696 
1.49 0.26853 -0.572293 -0.54746 0.034636 -0.272337 
1.5 0.265155 -0.569675 -0.549109 0.0417346 -0.265795 
1.51 0.261787 -0.566975 -0.550646 0.0488994 -0.259071 
1.52 0.258428 -0.564193 -0.552072 0.0561306 -0.252165 
1.53 0.255077 -0.561329 -0.553387 0.0634281 -0.245076 
1.54 0.251734 -0.558383 -0.554591 0.0707918 -0.237804 
1.55 0.248399 -0.555355 -0.555683 0.0782219 -0.23035 
1.56 0.245073 -0.552245 -0.556663 0.0857182 -0.222714 
1.57 0.241755 -0.549053 -0.557533 0.0932809 -0.214895 
1.58 0.238445 -0.545779 -0.558291 0.10091 -0.206894 
1.59 0.235143 -0.542424 -0.558937 0.108605 -0.19871 
1.6 0.231849 -0.538986 -0.559473 0.116367 -0.190344 
1.61 0.228563 -0.535466 -0.559897 0.124194 -0.181795 
1.62 0.225286 -0.531865 -0.560209 0.132088 -0.173064 
1.63 0.222017 -0.528181 -0.56041 0.140049 -0.164151 
1.64 0.218756 -0.524415 -0.5605 0.148076 -0.155055 
1.65 0.215503 -0.520568 -0.560479 0.156169 -0.145776 
1.66 0.212259 -0.516638 -0.560346 0.164328 -0.136315 
1.67 0.209022 -0.512627 -0.560101 0.172553 -0.126672 
1.68 0.205794 -0.508533 -0.559746 0.180845 -0.116846 
1.69 0.202574 -0.504358 -0.559279 0.189203 -0.106838 
1.7 0.199363 -0.5001 -0.5587 0.197628 -0.096647 
1.71 0.196159 -0.495761 -0.55801 0.206119 -0.0862739 
1.72 0.192964 -0.49134 -0.557209 0.214676 -0.0757183 
1.73 0.189776 -0.486836 -0.556297 0.223299 -0.0649802 
1.74 0.186597 -0.482251 -0.555273 0.231989 -0.0540597 
1.75 0.183427 -0.477584 -0.554138 0.240745 -0.0429567 
1.76 0.180264 -0.472834 -0.552891 0.249567 -0.0316713 
1.77 0.17711 -0.468003 -0.551533 0.258455 -0.0202034 
1.78 0.173963 -0.46309 -0.550064 0.26741 -0.00855303 
1.79 0.170825 -0.458095 -0.548483 0.276431 0.00327976 
1.8 0.167696 -0.453018 -0.546791 0.285519 0.015295 
1.81 0.164574 -0.447859 -0.544987 0.294673 0.0274927 
1.82 0.161461 -0.442617 -0.543072 0.303893 0.0398729 
1.83 0.158355 -0.437294 -0.541046 0.313179 0.0524355 
1.84 0.155258 -0.431889 -0.538909 0.322531 0.0651805 
1.85 0.152169 -0.426402 -0.53666 0.33195 0.078108 
1.86 0.149089 -0.420833 -0.534299 0.341435 0.091218 
1.87 0.146016 -0.415182 -0.531828 0.350987 0.10451 
1.88 0.142952 -0.40945 -0.529245 0.360605 0.117985 
1.89 0.139896 -0.403635 -0.52655 0.370289 0.131643 
1.9 0.136848 -0.397738 -0.523744 0.380039 0.145482 
1.91 0.133808 -0.391759 -0.520827 0.389856 0.159505 
1.92 0.130777 -0.385698 -0.517799 0.399739 0.173709 
1.93 0.127754 -0.379555 -0.514659 0.409688 0.188096 
1.94 0.124738 -0.373331 -0.511408 0.419703 0.202666 
1.95 0.121732 -0.367024 -0.508045 0.429785 0.217418 
1.96 0.118733 -0.360635 -0.504571 0.439933 0.232353 
1.97 0.115742 -0.354165 -0.500986 0.450148 0.247469 
1.98 0.11276 -0.347612 -0.497289 0.460429 0.262769 
1.99 0.109786 -0.340978 -0.493481 0.470776 0.278251 
2 0.10682 -0.334261 -0.489561 0.481189 0.293915 
2.01 0.103862 -0.327462 -0.485531 0.491668 0.309762 
2.02 0.100913 -0.320582 -0.481388 0.502214 0.325791 
2.03 0.0979712 -0.313619 -0.477135 0.512826 0.342003 
2.04 0.095038 -0.306575 -0.47277 0.523505 0.358397 
2.05 0.0921131 -0.299449 -0.468294 0.53425 0.374973 
2.06 0.0891963 -0.29224 -0.463706 0.545061 0.391732 
2.07 0.0862877 -0.28495 -0.459007 0.555938 0.408674 
2.08 0.0833873 -0.277578 -0.454196 0.566882 0.425798 
2.09 0.0804951 -0.270123 -0.449275 0.577892 0.443104 
2.1 0.0776111 -0.262587 -0.444242 0.588968 0.460593 
2.11 0.0747353 -0.254969 -0.439097 0.600111 0.478264 
2.12 0.0718677 -0.247269 -0.433841 0.611319 0.496118 
2.13 0.0690083 -0.239486 -0.428474 0.622594 0.514154 
2.14 0.066157 -0.231622 -0.422995 0.633936 0.532373 
2.15 0.063314 -0.223676 -0.417405 0.645344 0.550774 
2.16 0.0604792 -0.215648 -0.411704 0.656818 0.569358 
2.17 0.0576525 -0.207538 -0.405891 0.668358 0.588124 
2.18 0.0548341 -0.199346 -0.399967 0.679965 0.607072 
2.19 0.0520238 -0.191072 -0.393932 0.691637 0.626203 
2.2 0.0492218 -0.182716 -0.387785 0.703377 0.645516 
2.21 0.0464279 -0.174278 -0.381527 0.715182 0.665012 
2.22 0.0446307 -0.1687 -0.376561 0.720042 0.674793 
2.23 0.0442477 -0.167299 -0.373572 0.714927 0.670513 
2.24 0.0438661 -0.165903 -0.370596 0.709831 0.666247 
2.25 0.043486 -0.164513 -0.36763 0.704751 0.661994 
2.26 0.0431075 -0.163128 -0.364675 0.699689 0.657754 
2.27 0.0427304 -0.161748 -0.361731 0.694645 0.653527 
2.28 0.0423548 -0.160374 -0.358799 0.689619 0.649314 
2.29 0.0419808 -0.159005 -0.355878 0.68461 0.645115 
2.3 0.0416082 -0.157641 -0.352967 0.679618 0.640928 
2.31 0.0412371 -0.156283 -0.350068 0.674644 0.636755 
2.32 0.0408675 -0.15493 -0.34718 0.669688 0.632596 
2.33 0.0404995 -0.153583 -0.344303 0.664749 0.628449 
2.34 0.0401329 -0.152241 -0.341438 0.659828 0.624316 
2.35 0.0397678 -0.150904 -0.338583 0.654925 0.620197 
2.36 0.0394042 -0.149573 -0.335739 0.650039 0.616091 
2.37 0.0390421 -0.148247 -0.332907 0.64517 0.611998 
2.38 0.0386815 -0.146927 -0.330086 0.640319 0.607918 
2.39 0.0383225 -0.145611 -0.327276 0.635486 0.603852 
2.4 0.0379649 -0.144302 -0.324477 0.63067 0.5998 
2.41 0.0376088 -0.142997 -0.321689 0.625872 0.59576 
2.42 0.0372542 -0.141698 -0.318912 0.621092 0.591734 
2.43 0.0369011 -0.140404 -0.316146 0.616329 0.587721 
2.44 0.0365495 -0.139116 -0.313391 0.611584 0.583722 
2.45 0.0361994 -0.137833 -0.310648 0.606856 0.579736 
2.46 0.0358508 -0.136555 -0.307916 0.602146 0.575764 
2.47 0.0355036 -0.135283 -0.305194 0.597453 0.571804 
2.48 0.035158 -0.134016 -0.302484 0.592778 0.567859 
2.49 0.0348139 -0.132755 -0.299785 0.58812 0.563926 
2.5 0.0344713 -0.131499 -0.297097 0.583481 0.560007 
2.51 0.0341302 -0.130248 -0.294421 0.578858 0.556101 
2.52 0.0337906 -0.129002 -0.291755 0.574254 0.552209 
2.53 0.0334525 -0.127762 -0.2891 0.569666 0.54833 
2.54 0.0331158 -0.126528 -0.286457 0.565097 0.544464 
2.55 0.0327807 -0.125298 -0.283825 0.560545 0.540611 
2.56 0.0324471 -0.124075 -0.281203 0.55601 0.536772 
2.57 0.032115 -0.122856 -0.278593 0.551494 0.532947 
2.58 0.0317843 -0.121643 -0.275994 0.546994 0.529134 
2.59 0.0314552 -0.120435 -0.273406 0.542513 0.525336 
2.6 0.0311276 -0.119233 -0.27083 0.538049 0.52155 
2.61 0.0308014 -0.118035 -0.268264 0.533602 0.517778 
2.62 0.0304768 -0.116844 -0.26571 0.529173 0.514019 
2.63 0.0301537 -0.115657 -0.263166 0.524762 0.510273 
2.64 0.029832 -0.114476 -0.260634 0.520368 0.506541 
2.65 0.0295119 -0.113301 -0.258113 0.515992 0.502823 
2.66 0.0291932 -0.112131 -0.255603 0.511633 0.499117 
2.67 0.0288761 -0.110966 -0.253104 0.507292 0.495425 
2.68 0.0285604 -0.109806 -0.250616 0.502969 0.491746 
2.69 0.0282463 -0.108652 -0.248139 0.498663 0.488081 
2.7 0.0279336 -0.107503 -0.245674 0.494374 0.484429 
2.71 0.0276225 -0.10636 -0.243219 0.490104 0.48079 
2.72 0.0273128 -0.105222 -0.240776 0.48585 0.477165 
2.73 0.0270046 -0.104089 -0.238344 0.481615 0.473553 
2.74 0.026698 -0.102962 -0.235923 0.477397 0.469955 
2.75 0.0263928 -0.10184 -0.233513 0.473196 0.46637 
2.76 0.0260891 -0.100723 -0.231114 0.469014 0.462798 
2.77 0.025787 -0.0996123 -0.228726 0.464848 0.459239 
2.78 0.0254863 -0.0985064 -0.22635 0.460701 0.455694 
2.79 0.0251871 -0.097406 -0.223984 0.456571 0.452162 
2.8 0.0248895 -0.0963109 -0.22163 0.452458 0.448644 
2.81 0.0245933 -0.0952212 -0.219286 0.448363 0.445139 
2.82 0.0242986 -0.0941368 -0.216954 0.444286 0.441647 
2.83 0.0240054 -0.0930579 -0.214633 0.440226 0.438169 
2.84 0.0237137 -0.0919843 -0.212323 0.436184 0.434704 
2.85 0.0234236 -0.090916 -0.210024 0.432159 0.431252 
2.86 0.0231349 -0.0898532 -0.207737 0.428152 0.427814 
2.87 0.0228477 -0.0887956 -0.20546 0.424162 0.424389 
2.88 0.022562 -0.0877435 -0.203195 0.420191 0.420978 
2.89 0.0222778 -0.0866967 -0.20094 0.416236 0.41758 
2.9 0.0219951 -0.0856553 -0.198697 0.4123 0.414195 
2.91 0.0217139 -0.0846193 -0.196465 0.40838 0.410823 
2.92 0.0214342 -0.0835887 -0.194244 0.404479 0.407465 
2.93 0.021156 -0.0825634 -0.192034 0.400595 0.404121 
2.94 0.0208793 -0.0815434 -0.189835 0.396728 0.400789 
2.95 0.0206041 -0.0805289 -0.187648 0.392879 0.397471 
2.96 0.0203304 -0.0795197 -0.185471 0.389048 0.394167 
2.97 0.0200582 -0.0785159 -0.183306 0.385235 0.390875 
2.98 0.0197875 -0.0775174 -0.181152 0.381438 0.387597 
2.99 0.0195183 -0.0765243 -0.179008 0.37766 0.384333 
3 0.0192505 -0.0755366 -0.176876 0.373899 0.381082 
3.01 0.0189843 -0.0745543 -0.174755 0.370156 0.377844 
3.02 0.0187196 -0.0735773 -0.172646 0.36643 0.374619 
3.03 0.0184564 -0.0726057 -0.170547 0.362721 0.371408 
3.04 0.0181947 -0.0716395 -0.168459 0.359031 0.36821 
3.05 0.0179344 -0.0706786 -0.166383 0.355358 0.365026 
3.06 0.0176757 -0.0697231 -0.164317 0.351702 0.361855 
3.07 0.0174185 -0.0687729 -0.162263 0.348064 0.358697 
3.08 0.0171627 -0.0678282 -0.16022 0.344444 0.355553 
3.09 0.0169085 -0.0668888 -0.158188 0.340841 0.352422 
3.1 0.0166558 -0.0659548 -0.156167 0.337256 0.349304 
3.11 0.0164045 -0.0650261 -0.154157 0.333688 0.3462 
3.12 0.0161548 -0.0641028 -0.152159 0.330138 0.343109 
3.13 0.0159066 -0.0631849 -0.150171 0.326606 0.340032 
3.14 0.0156598 -0.0622723 -0.148195 0.323091 0.336967 
3.15 0.0154146 -0.0613651 -0.146229 0.319594 0.333917 
3.16 0.0151708 -0.0604633 -0.144275 0.316114 0.330879 
3.17 0.0149286 -0.0595669 -0.142332 0.312652 0.327855 
3.18 0.0146878 -0.0586758 -0.1404 0.309208 0.324844 
3.19 0.0144486 -0.0577901 -0.138479 0.305781 0.321847 
3.2 0.0142108 -0.0569097 -0.13657 0.302371 0.318863 
3.21 0.0139745 -0.0560347 -0.134671 0.298979 0.315892 
3.22 0.0137398 -0.0551651 -0.132784 0.295605 0.312935 
3.23 0.0135065 -0.0543009 -0.130907 0.292248 0.309991 
3.24 0.0132748 -0.053442 -0.129042 0.288909 0.30706 
3.25 0.0130445 -0.0525885 -0.127188 0.285588 0.304143 
3.26 0.0128157 -0.0517404 -0.125345 0.282284 0.301239 
3.27 0.0125885 -0.0508976 -0.123513 0.278998 0.298349 
3.28 0.0123627 -0.0500602 -0.121692 0.275729 0.295472 
3.29 0.0121384 -0.0492282 -0.119882 0.272478 0.292608 
3.3 0.0119156 -0.0484015 -0.118084 0.269244 0.289757 
3.31 0.0116944 -0.0475802 -0.116296 0.266028 0.28692 
3.32 0.0114746 -0.0467643 -0.11452 0.26283 0.284097 
3.33 0.0112563 -0.0459537 -0.112755 0.259649 0.281286 
3.34 0.0110395 -0.0451486 -0.111001 0.256485 0.278489 
3.35 0.0108242 -0.0443487 -0.109258 0.25334 0.275706 
3.36 0.0106104 -0.0435543 -0.107526 0.250212 0.272935 
3.37 0.0103981 -0.0427652 -0.105805 0.247101 0.270178 
3.38 0.0101874 -0.0419815 -0.104096 0.244008 0.267435 
3.39 0.00997806 -0.0412031 -0.102397 0.240933 0.264705 
3.4 0.00977026 -0.0404302 -0.10071 0.237875 0.261988 
3.41 0.00956396 -0.0396626 -0.0990333 0.234835 0.259284 
3.42 0.00935916 -0.0389003 -0.0973682 0.231812 0.256594 
3.43 0.00915586 -0.0381434 -0.0957142 0.228807 0.253917 
3.44 0.00895406 -0.0373919 -0.0940712 0.225819 0.251254 
3.45 0.00875375 -0.0366458 -0.0924394 0.222849 0.248604 
3.46 0.00855494 -0.035905 -0.0908187 0.219897 0.245967 
3.47 0.00835763 -0.0351696 -0.0892092 0.216962 0.243344 
3.48 0.00816182 -0.0344396 -0.0876107 0.214045 0.240734 
3.49 0.0079675 -0.033715 -0.0860234 0.211145 0.238137 
3.5 0.00777468 -0.0329957 -0.0844471 0.208263 0.235554 
3.51 0.00758337 -0.0322817 -0.082882 0.205399 0.232984 
3.52 0.00739354 -0.0315732 -0.081328 0.202552 0.230428 
3.53 0.00720522 -0.03087 -0.0797852 0.199723 0.227884 
3.54 0.0070184 -0.0301722 -0.0782534 0.196911 0.225355 
3.55 0.00683307 -0.0294797 -0.0767328 0.194117 0.222838 
3.56 0.00664924 -0.0287926 -0.0752233 0.19134 0.220335 
3.57 0.00646691 -0.0281109 -0.0737248 0.188581 0.217845 
3.58 0.00628608 -0.0274346 -0.0722376 0.18584 0.215369 
3.59 0.00610674 -0.0267636 -0.0707614 0.183116 0.212906 
3.6 0.0059289 -0.026098 -0.0692963 0.18041 0.210456 
3.61 0.00575256 -0.0254377 -0.0678424 0.177721 0.20802 
3.62 0.00557772 -0.0247829 -0.0663996 0.17505 0.205597 
3.63 0.00540438 -0.0241334 -0.0649679 0.172397 0.203187 
3.64 0.00523253 -0.0234892 -0.0635473 0.169761 0.200791 
3.65 0.00506219 -0.0228505 -0.0621378 0.167142 0.198408 
3.66 0.00489334 -0.0222171 -0.0607394 0.164541 0.196039 
3.67 0.00472599 -0.021589 -0.0593522 0.161958 0.193683 
3.68 0.00456013 -0.0209664 -0.0579761 0.159393 0.19134 
3.69 0.00439578 -0.0203491 -0.0566111 0.156845 0.18901 
3.7 0.00423292 -0.0197372 -0.0552572 0.154314 0.186694 
3.71 0.00407156 -0.0191306 -0.0539144 0.151801 0.184392 
3.72 0.0039117 -0.0185294 -0.0525828 0.149306 0.182102 
3.73 0.00375334 -0.0179336 -0.0512622 0.146828 0.179826 
3.74 0.00359647 -0.0173431 -0.0499528 0.144368 0.177564 
3.75 0.0034411 -0.0167581 -0.0486545 0.141925 0.175314 
3.76 0.00328723 -0.0161783 -0.0473673 0.1395 0.173078 
3.77 0.00313486 -0.015604 -0.0460912 0.137093 0.170856 
3.78 0.00298399 -0.015035 -0.0448263 0.134703 0.168647 
3.79 0.00283461 -0.0144714 -0.0435725 0.132331 0.166451 
3.8 0.00268673 -0.0139132 -0.0423297 0.129976 0.164268 
3.81 0.00254035 -0.0133603 -0.0410981 0.127639 0.162099 
3.82 0.00239547 -0.0128128 -0.0398776 0.12532 0.159943 
3.83 0.00225209 -0.0122707 -0.0386683 0.123018 0.157801 
3.84 0.0021102 -0.0117339 -0.03747 0.120733 0.155672 
3.85 0.00196981 -0.0112025 -0.0362829 0.118466 0.153556 
3.86 0.00183092 -0.0106765 -0.0351069 0.116217 0.151454 
3.87 0.00169353 -0.0101558 -0.033942 0.113986 0.149365 
3.88 0.00155764 -0.00964051 -0.0327882 0.111772 0.147289 
3.89 0.00142324 -0.00913058 -0.0316455 0.109575 0.145227 
3.9 0.00129034 -0.00862603 -0.0305139 0.107396 0.143178 
3.91 0.00115894 -0.00812684 -0.0293935 0.105235 0.141143 
3.92 0.00102904 -0.00763302 -0.0282842 0.103091 0.13912 
3.93 0.000900636 -0.00714457 -0.027186 0.100965 0.137112 
3.94 0.000773729 -0.00666149 -0.0260989 0.0988564 0.135116 
3.95 0.000648321 -0.00618377 -0.0250229 0.0967654 0.133134 
3.96 0.000524411 -0.00571142 -0.0239581 0.094692 0.131165 
3.97 0.000401998 -0.00524445 -0.0229043 0.0926361 0.12921 
3.98 0.000281084 -0.00478284 -0.0218617 0.0905978 0.127268 
3.99 0.000161667 -0.0043266 -0.0208302 0.0885771 0.125339 
4 4.37488e-05 -0.00387572 -0.0198098 0.086574 0.123424 
4.01 -7.26717e-05 -0.00343022 -0.0188006 0.0845885 0.121522 
4.02 -0.000187594 -0.00299008 -0.0178024 0.0826205 0.119633 
4.03 -0.000301019 -0.00255532 -0.0168154 0.0806701 0.117758 
4.04 -0.000412946 -0.00212592 -0.0158395 0.0787373 0.115896 
4.05 -0.000523374 -0.00170189 -0.0148746 0.0768221 0.114048 
4.06 -0.000632305 -0.00128323 -0.013921 0.0749245 0.112213 
4.07 -0.000739738 -0.000869932 -0.0129784 0.0730444 0.110391 
4.08 -0.000845672 -0.000462006 -0.0120469 0.0711819 0.108582 
4.09 -0.000950109 -5.94496e-05 -0.0111266 0.069337 0.106787 
4.1 -0.00105305 0.000337739 -0.0102174 0.0675097 0.105006 
4.11 -0.00115449 0.000729559 -0.00931928 0.0656999 0.103237 
4.12 -0.00125443 0.00111601 -0.0084323 0.0639078 0.101482 
4.13 -0.00135288 0.00149709 -0.00755643 0.0621332 0.0997406 
4.14 -0.00144982 0.00187281 -0.00669168 0.0603762 0.0980123 
4.15 -0.00154527 0.00224315 -0.00583804 0.0586367 0.0962974 
4.16 -0.00163922 0.00260813 -0.00499553 0.0569149 0.0945958 
4.17 -0.00173168 0.00296774 -0.00416412 0.0552106 0.0929076 
4.18 -0.00182263 0.00332198 -0.00334384 0.0535239 0.0912328 
4.19 -0.00191209 0.00367086 -0.00253467 0.0518547 0.0895713 
4.2 -0.00200005 0.00401436 -0.00173662 0.0502032 0.0879232 
4.21 -0.00208651 0.0043525 -0.000949685 0.0485692 0.0862884 
4.22 -0.00217147 0.00468526 -0.000173867 0.0469528 0.084667 
4.23 -0.00225494 0.00501266 0.000590834 0.045354 0.0830589 
4.24 -0.00233691 0.00533469 0.00134442 0.0437728 0.0814642 
4.25 -0.00241737 0.00565136 0.00208689 0.0422092 0.0798829 
4.26 -0.00249635 0.00596265 0.00281824 0.0406631 0.0783149 
4.27 -0.00257382 0.00626857 0.00353847 0.0391346 0.0767603 
4.28 -0.00264979 0.00656913 0.00424759 0.0376237 0.0752191 
4.29 -0.00272427 0.00686432 0.00494559 0.0361303 0.0736912 
4.3 -0.00279725 0.00715414 0.00563247 0.0346546 0.0721766 
4.31 -0.00286873 0.00743859 0.00630824 0.0331964 0.0706755 
4.32 -0.00293872 0.00771767 0.00697289 0.0317558 0.0691876 
4.33 -0.0030072 0.00799139 0.00762643 0.0303327 0.0677132 
4.34 -0.00307419 0.00825974 0.00826884 0.0289273 0.0662521 
4.35 -0.00313968 0.00852271 0.00890014 0.0275394 0.0648043 
4.36 -0.00320367 0.00878032 0.00952033 0.0261691 0.06337 
4.37 -0.00326617 0.00903256 0.0101294 0.0248164 0.0619489 
4.38 -0.00332716 0.00927944 0.0107273 0.0234813 0.0605413 
4.39 -0.00338666 0.00952094 0.0113142 0.0221637 0.059147 
4.4 -0.00344466 0.00975708 0.0118899 0.0208638 0.057766 
4.41 -0.00350116 0.00998785 0.0124545 0.0195814 0.0563984 
4.42 -0.00355616 0.0102132 0.013008 0.0183165 0.0550442 
4.43 -0.00360967 0.0104333 0.0135503 0.0170693 0.0537033 
4.44 -0.00366168 0.0106479 0.0140816 0.0158396 0.0523758 
4.45 -0.00371219 0.0108572 0.0146017 0.0146276 0.0510617 
4.46 -0.0037612 0.0110612 0.0151107 0.0134331 0.0497609 
4.47 -0.00380871 0.0112597 0.0156086 0.0122561 0.0484735 
4.48 -0.00385473 0.0114529 0.0160954 0.0110968 0.0471994 
4.49 -0.00389925 0.0116407 0.0165711 0.00995501 0.0459387 
4.5 -0.00394227 0.0118232 0.0170356 0.00883082 0.0446913 
4.51 -0.00398379 0.0120003 0.0174891 0.0077242 0.0434573 
4.52 -0.00402381 0.012172 0.0179314 0.00663517 0.0422367 
4.53 -0.00406234 0.0123383 0.0183626 0.00556371 0.0410294 
4.54 -0.00409937 0.0124993 0.0187827 0.00450983 0.0398355 
4.55 -0.0041349 0.0126549 0.0191916 0.00347353 0.0386549 
4.56 -0.00416893 0.0128051 0.0195895 0.00245481 0.0374877 
4.57 -0.00420147 0.01295 0.0199762 0.00145367 0.0363339 
4.58 -0.0042325 0.0130895 0.0203518 0.000470107 0.0351934 
4.59 -0.00426204 0.0132237 0.0207163 -0.000495879 0.0340663 
4.6 -0.00429008 0.0133524 0.0210697 -0.00144429 0.0329525 
4.61 -0.00431662 0.0134758 0.021412 -0.00237511 0.0318521 
4.62 -0.00434167 0.0135939 0.0217431 -0.00328836 0.0307651 
4.63 -0.00436522 0.0137065 0.0220632 -0.00418404 0.0296914 
4.64 -0.00438726 0.0138138 0.0223721 -0.00506213 0.028631 
4.65 -0.00440781 0.0139157 0.0226699 -0.00592264 0.0275841 
4.66 -0.00442687 0.0140123 0.0229566 -0.00676558 0.0265505 
4.67 -0.00444442 0.0141035 0.0232321 -0.00759094 0.0255302 
4.68 -0.00446048 0.0141893 0.0234966 -0.00839872 0.0245233 
4.69 -0.00447504 0.0142698 0.0237499 -0.00918892 0.0235298 
4.7 -0.0044881 0.0143448 0.0239921 -0.00996154 0.0225496 
4.71 -0.00449966 0.0144146 0.0242232 -0.0107166 0.0215828 
4.72 -0.00450973 0.0144789 0.0244432 -0.0114541 0.0206293 
4.73 -0.00451829 0.0145379 0.0246521 -0.0121739 0.0196892 
4.74 -0.00452536 0.0145915 0.0248498 -0.0128762 0.0187625 
4.75 -0.00453093 0.0146397 0.0250364 -0.013561 0.0178491 
4.76 -0.00453501 0.0146826 0.0252119 -0.0142281 0.0169491 
4.77 -0.00453758 0.0147201 0.0253763 -0.0148777 0.0160624 
4.78 -0.00453866 0.0147522 0.0255296 -0.0155097 0.0151891 
4.79 -0.00453824 0.014779 0.0256718 -0.0161241 0.0143292 
4.8 -0.00453632 0.0148004 0.0258028 -0.016721 0.0134826 
4.81 -0.0045329 0.0148164 0.0259228 -0.0173002 0.0126494 
4.82 -0.00452799 0.0148271 0.0260316 -0.0178619 0.0118295 
4.83 -0.00452157 0.0148324 0.0261293 -0.018406 0.011023 
4.84 -0.00451366 0.0148323 0.0262159 -0.0189325 0.0102299 
4.85 -0.00450425 0.0148269 0.0262913 -0.0194415 0.00945007 
4.86 -0.00449335 0.0148161 0.0263557 -0.0199328 0.00868364 
4.87 -0.00448094 0.0147999 0.0264089 -0.0204066 0.00793057 
4.88 -0.00446704 0.0147783 0.026451 -0.0208628 0.00719085 
4.89 -0.00445164 0.0147514 0.026482 -0.0213015 0.0064645 
4.9 -0.00443474 0.0147191 0.0265019 -0.0217225 0.0057515 
4.91 -0.00441634 0.0146815 0.0265106 -0.022126 0.00505187 
4.92 -0.00439645 0.0146385 0.0265083 -0.0225119 0.00436559 
4.93 -0.00437506 0.0145901 0.0264948 -0.0228802 0.00369267 
4.94 -0.00435217 0.0145363 0.0264702 -0.0232309 0.00303312 
4.95 -0.00432778 0.0144772 0.0264345 -0.0235641 0.00238692 
4.96 -0.00430189 0.0144127 0.0263877 -0.0238797 0.00175408 
4.97 -0.00427451 0.0143428 0.0263298 -0.0241777 0.0011346 
4.98 -0.00424563 0.0142676 0.0262607 -0.0244581 0.000528473 
4.99 -0.00421524 0.014187 0.0261806 -0.024721 -6.42906e-05 
5 -0.00418337 0.014101 0.0260893 -0.0249662 -0.000643695 
5.01 -0.00414999 0.0140097 0.0259869 -0.0251939 -0.00120974 
5.02 -0.00411512 0.013913 0.0258733 -0.025404 -0.00176243 
5.03 -0.00407874 0.0138109 0.0257487 -0.0255966 -0.00230175 
5.04 -0.00404087 0.0137035 0.0256129 -0.0257715 -0.00282772 
5.05 -0.00400151 0.0135907 0.0254661 -0.0259289 -0.00334033 
5.06 -0.00396064 0.0134725 0.0253081 -0.0260687 -0.00383958 
5.07 -0.00391828 0.0133489 0.025139 -0.0261909 -0.00432547 
5.08 -0.00387441 0.01322 0.0249588 -0.0262956 -0.00479801 
5.09 -0.00382905 0.0130857 0.0247674 -0.0263826 -0.00525718 
5.1 -0.0037822 0.0129461 0.024565 -0.0264521 -0.00570299 
5.11 -0.00373384 0.0128011 0.0243514 -0.026504 -0.00613545 
5.12 -0.00368399 0.0126507 0.0241267 -0.0265383 -0.00655454 
5.13 -0.00363263 0.0124949 0.0238909 -0.0265551 -0.00696028 
5.14 -0.00357978 0.0123338 0.023644 -0.0265543 -0.00735266 
5.15 -0.00352544 0.0121673 0.0233859 -0.0265359 -0.00773168 
5.16 -0.00346959 0.0119954 0.0231168 -0.0264999 -0.00809734 
5.17 -0.00341225 0.0118182 0.0228365 -0.0264463 -0.00844964 
5.18 -0.00335341 0.0116356 0.0225451 -0.0263752 -0.00878858 
5.19 -0.00329307 0.0114476 0.0222426 -0.0262864 -0.00911416 
5.2 -0.00323123 0.0112543 0.021929 -0.0261801 -0.00942639 
5.21 -0.00316789 0.0110556 0.0216043 -0.0260563 -0.00972525 
5.22 -0.00310306 0.0108515 0.0212684 -0.0259148 -0.0100108 
5.23 -0.00303673 0.0106421 0.0209214 -0.0257558 -0.0102829 
5.24 -0.0029689 0.0104273 0.0205633 -0.0255791 -0.0105417 
5.25 -0.00289957 0.0102071 0.0201941 -0.025385 -0.0107871 
5.26 -0.00282875 0.00998153 0.0198138 -0.0251732 -0.0110192 
5.27 -0.00275642 0.00975062 0.0194224 -0.0249438 -0.0112379 
5.28 -0.0026826 0.00951433 0.0190198 -0.0246969 -0.0114433 
5.29 -0.00260728 0.00927268 0.0186061 -0.0244324 -0.0116352 
5.3 -0.00253046 0.00902566 0.0181814 -0.0241503 -0.0118139 
5.31 -0.00245215 0.00877327 0.0177454 -0.0238507 -0.0119792 
5.32 -0.00237234 0.00851551 0.0172984 -0.0235334 -0.0121311 
5.33 -0.00229102 0.00825238 0.0168403 -0.0231986 -0.0122696 
5.34 -0.00220822 0.00798389 0.016371 -0.0228462 -0.0123948 
5.35 -0.00212391 0.00771002 0.0158907 -0.0224762 -0.0125067 
5.36 -0.0020381 0.00743079 0.0153992 -0.0220887 -0.0126051 
5.37 -0.0019508 0.00714619 0.0148966 -0.0216835 -0.0126903 
5.38 -0.001862 0.00685622 0.0143828 -0.0212608 -0.012762 
5.39 -0.0017717 0.00656089 0.013858 -0.0208205 -0.0128204 
5.4 -0.0016799 0.00626018 0.013322 -0.0203627 -0.0128655 
5.41 -0.00158661 0.00595411 0.012775 -0.0198872 -0.0128972 
5.42 -0.00149182 0.00564266 0.0122168 -0.0193942 -0.0129155 
5.43 -0.00139553 0.00532585 0.0116475 -0.0188836 -0.0129205 
5.44 -0.00129774 0.00500367 0.011067 -0.0183554 -0.0129121 
5.45 -0.00119845 0.00467613 0.0104755 -0.0178096 -0.0128903 
5.46 -0.00109766 0.00434321 0.00987284 -0.0172463 -0.0128552 
5.47 -0.000995382 0.00400493 0.00925907 -0.0166654 -0.0128067 
5.48 -0.000891601 0.00366127 0.00863418 -0.0160669 -0.0127449 
5.49 -0.000786323 0.00331225 0.00799817 -0.0154508 -0.0126697 
5.5 -0.000679546 0.00295786 0.00735104 -0.0148171 -0.0125812 
5.51 -0.000571272 0.0025981 0.0066928 -0.0141659 -0.0124793 
5.52 -0.000461499 0.00223298 0.00602344 -0.0134971 -0.012364 
5.53 -0.000350228 0.00186248 0.00534297 -0.0128107 -0.0122354 
5.54 -0.00023746 0.00148662 0.00465138 -0.0121067 -0.0120934 
5.55 -0.000123194 0.00110539 0.00394867 -0.0113852 -0.011938 
5.56 -7.42914e-06 0.000718788 0.00323484 -0.0106461 -0.0117693 
5.57 0.000109833 0.00032682 0.0025099 -0.00988936 -0.0115873 
5.58 0.000228594 -7.05171e-05 0.00177384 -0.00911508 -0.0113919 
5.59 0.000348852 -0.000473222 0.00102667 -0.00832322 -0.0111831 
5.6 0.000470608 -0.000881296 0.000268378 -0.00751378 -0.010961 
5.61 0.000593862 -0.00129474 -0.000501031 -0.00668676 -0.0107255 
5.62 0.000718615 -0.00171355 -0.00128156 -0.00584217 -0.0104766 
5.63 0.000844865 -0.00213773 -0.0020732 -0.00498 -0.0102144 
5.64 0.000972613 -0.00256728 -0.00287596 -0.00410024 -0.00993882 
5.65 0.00110186 -0.00300219 -0.00368983 -0.00320291 -0.00964988 
5.66 0.0012326 -0.00344248 -0.00451482 -0.002288 -0.00934759 
5.67 0.00136485 -0.00388813 -0.00535093 -0.00135551 -0.00903194 
5.68 0.00149859 -0.00433915 -0.00619816 -0.000405447 -0.00870294 
5.69 0.00163382 -0.00479554 -0.0070565 0.000562198 -0.00836057 
5.7 0.00177056 -0.0052573 -0.00792596 0.00154742 -0.00800484 
5.71 0.00190879 -0.00572442 -0.00880654 0.00255022 -0.00763575 
5.72 0.00204853 -0.00619692 -0.00969823 0.0035706 -0.00725331 
5.73 0.00218976 -0.00667478 -0.010601 0.00460856 -0.00685751 
5.74 0.00233248 -0.00715801 -0.011515 0.0056641 -0.00644834 
5.75 0.00247671 -0.00764661 -0.01244 0.00673722 -0.00602582 
5.76 0.00262243 -0.00814058 -0.0133762 0.00782791 -0.00558994 
5.77 0.00276965 -0.00863992 -0.0143234 0.00893618 -0.0051407 
5.78 0.00291837 -0.00914462 -0.0152818 0.010062 -0.0046781 
5.79 0.00306859 -0.0096547 -0.0162513 0.0112055 -0.00420214 
5.8 0.00322031 -0.0101701 -0.017232 0.0123665 -0.00371283 
5.81 0.00337352 -0.0106909 -0.0182237 0.0135451 -0.00321015 
5.82 0.00352823 -0.0112171 -0.0192266 0.0147412 -0.00269411 
5.83 0.00368444 -0.0117487 -0.0202406 0.015955 -0.00216472 
5.84 0.00384215 -0.0122856 -0.0212656 0.0171863 -0.00162197 
5.85 0.00400135 -0.0128279 -0.0223019 0.0184352 -0.00106585 
5.86 0.00416206 -0.0133755 -0.0233492 0.0197017 -0.000496383 
5.87 0.00432426 -0.0139285 -0.0244076 0.0209857 8.64471e-05 
5.88 0.00448796 -0.0144869 -0.0254772 0.0222874 0.000682636 
5.89 0.00465316 -0.0150507 -0.0265579 0.0236066 0.00129218 
5.9 0.00481985 -0.0156198 -0.0276497 0.0249434 0.00191509 
5.91 0.00498805 -0.0161943 -0.0287526 0.0262977 0.00255136 
5.92 0.00515774 -0.0167742 -0.0298666 0.0276697 0.00320098 
5.93 0.00532893 -0.0173594 -0.0309917 0.0290592 0.00386397 
5.94 0.00550161 -0.01795 -0.032128 0.0304663 0.00454031 
5.95 0.0056758 -0.018546 -0.0332754 0.031891 0.00523001 
5.96 0.00585148 -0.0191473 -0.0344339 0.0333333 0.00593307 
5.97 0.00602866 -0.019754 -0.0356035 0.0347931 0.0066495 
5.98 0.00620734 -0.0203661 -0.0367842 0.0362705 0.00737927 
5.99 0.00638752 -0.0209835 -0.0379761 0.0377655 0.00812241 
6 0.00656919 -0.0216063 -0.039179 0.0392781 0.00887891 
